TBJ_JFET  -THD
Vin = 0.04*sen(2*PI*1000.0*t) + 0.04*sen(2*PI*1200.0*t)
Is = 1.00e-11  Idss = 2.00
Vt = 0.026     Vp   = -2.00
Tensiones de polarización
Vbe = 0.790
Vgs = -0.600
Resolución de ploteo = 400.0 puntos por período

t [s]   	Vin [V] 	Ic [mA] 	Id [mA] 	
 0.000000	 0.000000	 156.199570	 1.580000
 0.000012	 0.006903	 203.928055	 1.582785
 0.000025	 0.013753	 265.630188	 1.585596
 0.000037	 0.020497	 344.534027	 1.588409
 0.000050	 0.027086	 444.120819	 1.591201
 0.000062	 0.033467	 567.885498	 1.593947
 0.000075	 0.039593	 718.970825	 1.596621
 0.000087	 0.045416	 899.669800	 1.599198
 0.000100	 0.050893	 1110.822021	 1.601652
 0.000112	 0.055982	 1351.161377	 1.603960
 0.000125	 0.060645	 1616.712280	 1.606097
 0.000137	 0.064846	 1900.365967	 1.608041
 0.000150	 0.068554	 2191.780273	 1.609771
 0.000162	 0.071741	 2477.717529	 1.611270
 0.000175	 0.074384	 2742.897217	 1.612520
 0.000187	 0.076463	 2971.316406	 1.613508
 0.000200	 0.077963	 3147.905029	 1.614224
 0.000212	 0.078875	 3260.281006	 1.614661
 0.000225	 0.079192	 3300.294434	 1.614812
 0.000237	 0.078913	 3265.091553	 1.614679
 0.000250	 0.078042	 3157.483887	 1.614262
 0.000262	 0.076587	 2985.551514	 1.613567
 0.000275	 0.074560	 2761.565430	 1.612603
 0.000287	 0.071978	 2500.441406	 1.611382
 0.000300	 0.068863	 2218.006592	 1.609916
 0.000312	 0.065240	 1929.371582	 1.608224
 0.000325	 0.061137	 1647.638794	 1.606324
 0.000337	 0.056589	 1383.082153	 1.604237
 0.000350	 0.051631	 1142.814209	 1.601985
 0.000362	 0.046302	 930.887817	 1.599593
 0.000375	 0.040645	 748.703857	 1.597084
 0.000388	 0.034704	 595.592896	 1.594484
 0.000400	 0.028525	 469.443909	 1.591817
 0.000413	 0.022157	 367.287567	 1.589108
 0.000425	 0.015648	 285.778473	 1.586382
 0.000438	 0.009050	 221.552856	 1.583661
 0.000450	 0.002413	 171.466217	 1.580968
 0.000463	-0.004212	 132.727051	 1.578324
 0.000475	-0.010774	 102.952644	 1.575749
 0.000488	-0.017223	 80.170753	 1.573259
 0.000500	-0.023511	 62.788204	 1.570872
 0.000513	-0.029591	 49.543209	 1.568601
 0.000525	-0.035416	 39.451881	 1.566461
 0.000538	-0.040944	 31.756685	 1.564461
 0.000550	-0.046134	 25.880049	 1.562611
 0.000562	-0.050947	 21.384958	 1.560919
 0.000575	-0.055351	 17.942745	 1.559392
 0.000587	-0.059312	 15.307411	 1.558034
 0.000600	-0.062803	 13.295666	 1.556851
 0.000612	-0.065800	 11.771693	 1.555845
 0.000625	-0.068284	 10.635641	 1.555018
 0.000637	-0.070239	 9.815140	 1.554371
 0.000650	-0.071652	 9.259118	 1.553906
 0.000662	-0.072517	 8.933422	 1.553622
 0.000675	-0.072831	 8.817884	 1.553520
 0.000687	-0.072595	 8.904533	 1.553597
 0.000700	-0.071815	 9.196796	 1.553853
 0.000712	-0.070501	 9.709582	 1.554285
 0.000725	-0.068666	 10.470260	 1.554891
 0.000737	-0.066329	 11.520502	 1.555668
 0.000750	-0.063512	 12.919202	 1.556612
 0.000762	-0.060239	 14.746524	 1.557719
 0.000775	-0.056539	 17.109362	 1.558983
 0.000787	-0.052445	 20.148386	 1.560397
 0.000800	-0.047990	 24.046991	 1.561955
 0.000812	-0.043213	 29.042257	 1.563648
 0.000825	-0.038152	 35.438072	 1.565467
 0.000837	-0.032850	 43.620216	 1.567400
 0.000850	-0.027348	 54.072807	 1.569435
 0.000862	-0.021691	 67.395027	 1.571559
 0.000875	-0.015924	 84.315994	 1.573757
 0.000887	-0.010093	 105.704803	 1.576014
 0.000900	-0.004242	 132.571213	 1.578312
 0.000912	 0.001583	 166.051590	 1.580634
 0.000925	 0.007337	 207.373657	 1.582962
 0.000937	 0.012976	 257.793091	 1.585275
 0.000950	 0.018459	 318.497253	 1.587554
 0.000962	 0.023745	 390.472809	 1.589780
 0.000975	 0.028794	 474.341248	 1.591932
 0.000987	 0.033571	 570.171631	 1.593992
 0.001000	 0.038042	 677.290283	 1.595940
 0.001012	 0.042175	 794.115356	 1.597759
 0.001025	 0.045941	 918.047852	 1.599432
 0.001037	 0.049318	 1045.456909	 1.600943
 0.001050	 0.052281	 1171.783813	 1.602279
 0.001062	 0.054815	 1291.781128	 1.603428
 0.001075	 0.056903	 1399.876099	 1.604380
 0.001087	 0.058535	 1490.631714	 1.605127
 0.001100	 0.059704	 1559.243042	 1.605664
 0.001112	 0.060408	 1602.011353	 1.605988
 0.001125	 0.060645	 1616.714844	 1.606097
 0.001137	 0.060421	 1602.826538	 1.605994
 0.001150	 0.059743	 1561.546265	 1.605682
 0.001162	 0.058622	 1495.638550	 1.605167
 0.001175	 0.057074	 1409.115845	 1.604458
 0.001187	 0.055115	 1306.813354	 1.603565
 0.001200	 0.052768	 1193.922729	 1.602499
 0.001212	 0.050055	 1075.551147	 1.601275
 0.001225	 0.047003	 956.351624	 1.599906
 0.001237	 0.043642	 840.261169	 1.598409
 0.001250	 0.040001	 730.355286	 1.596800
 0.001262	 0.036113	 628.811462	 1.595097
 0.001275	 0.032013	 536.958618	 1.593318
 0.001287	 0.027736	 455.389587	 1.591479
 0.001300	 0.023318	 384.104736	 1.589599
 0.001312	 0.018796	 322.665405	 1.587695
 0.001325	 0.014208	 270.338257	 1.585784
 0.001337	 0.009590	 226.219620	 1.583882
 0.001350	 0.004980	 189.334793	 1.582004
 0.001362	 0.000413	 158.711044	 1.580165
 0.001375	-0.004075	 133.427261	 1.578378
 0.001387	-0.008451	 112.643944	 1.576655
 0.001400	-0.012681	 95.617867	 1.575008
 0.001412	-0.016734	 81.705994	 1.573446
 0.001425	-0.020583	 70.362015	 1.571979
 0.001437	-0.024199	 61.128731	 1.570613
 0.001450	-0.027560	 53.628181	 1.569356
 0.001462	-0.030642	 47.551140	 1.568213
 0.001475	-0.033427	 42.646935	 1.567188
 0.001487	-0.035898	 38.714108	 1.566285
 0.001500	-0.038042	 35.592186	 1.565507
 0.001512	-0.039848	 33.154678	 1.564855
 0.001525	-0.041309	 31.303276	 1.564330
 0.001537	-0.042421	 29.963072	 1.563931
 0.001550	-0.043181	 29.078838	 1.563660
 0.001562	-0.043592	 28.612066	 1.563514
 0.001575	-0.043657	 28.538765	 1.563490
 0.001587	-0.043383	 28.847857	 1.563588
 0.001600	-0.042782	 29.540052	 1.563802
 0.001612	-0.041864	 30.627176	 1.564131
 0.001625	-0.040645	 32.131763	 1.564568
 0.001637	-0.039142	 34.086933	 1.565109
 0.001650	-0.037375	 36.536377	 1.565749
 0.001662	-0.035363	 39.534401	 1.566480
 0.001675	-0.033129	 43.145878	 1.567297
 0.001687	-0.030698	 47.445980	 1.568192
 0.001700	-0.028095	 52.519497	 1.569157
 0.001712	-0.025346	 58.459610	 1.570183
 0.001725	-0.022477	 65.365807	 1.571262
 0.001737	-0.019516	 73.340874	 1.572384
 0.001750	-0.016489	 82.486618	 1.573540
 0.001762	-0.013425	 92.898270	 1.574720
 0.001775	-0.010350	 104.657516	 1.575914
 0.001787	-0.007289	 117.824219	 1.577111
 0.001800	-0.004270	 132.427078	 1.578301
 0.001812	-0.001316	 148.453827	 1.579475
 0.001825	 0.001550	 165.841370	 1.580621
 0.001837	 0.004305	 184.467346	 1.581731
 0.001850	 0.006930	 204.143494	 1.582796
 0.001862	 0.009406	 224.612579	 1.583806
 0.001875	 0.011715	 245.549469	 1.584755
 0.001887	 0.013844	 266.567413	 1.585633
 0.001900	 0.015780	 287.229645	 1.586436
 0.001912	 0.017511	 307.066498	 1.587158
 0.001925	 0.019031	 325.596527	 1.587793
 0.001937	 0.020333	 342.350861	 1.588340
 0.001950	 0.021412	 356.898621	 1.588794
 0.001962	 0.022268	 368.870941	 1.589155
 0.001975	 0.022901	 377.981903	 1.589423
 0.001987	 0.023314	 384.043762	 1.589597
 0.002000	 0.023511	 386.976196	 1.589681
 0.002012	 0.023500	 386.807373	 1.589676
 0.002025	 0.023289	 383.668640	 1.589587
 0.002037	 0.022887	 377.782379	 1.589417
 0.002050	 0.022309	 369.445160	 1.589172
 0.002062	 0.021565	 359.007904	 1.588858
 0.002075	 0.020672	 346.854553	 1.588482
 0.002087	 0.019644	 333.381714	 1.588050
 0.002100	 0.018499	 318.980133	 1.587570
 0.002112	 0.017253	 304.019257	 1.587050
 0.002125	 0.015924	 288.835571	 1.586496
 0.002137	 0.014531	 273.724670	 1.585918
 0.002150	 0.013091	 258.937042	 1.585322
 0.002162	 0.011623	 244.677170	 1.584717
 0.002175	 0.010144	 231.104736	 1.584109
 0.002187	 0.008671	 218.338242	 1.583506
 0.002200	 0.007222	 206.459610	 1.582915
 0.002212	 0.005812	 195.519379	 1.582342
 0.002225	 0.004456	 185.542206	 1.581792
 0.002237	 0.003167	 176.532227	 1.581272
 0.002250	 0.001958	 168.477890	 1.580785
 0.002262	 0.000840	 161.356232	 1.580337
 0.002275	-0.000177	 155.136551	 1.579929
 0.002287	-0.001085	 149.783401	 1.579567
 0.002300	-0.001879	 145.258896	 1.579250
 0.002312	-0.002552	 141.524475	 1.578982
 0.002325	-0.003103	 138.542130	 1.578764
 0.002337	-0.003529	 136.275101	 1.578594
 0.002350	-0.003832	 134.688278	 1.578474
 0.002362	-0.004013	 133.748169	 1.578403
 0.002375	-0.004076	 133.422577	 1.578378
 0.002387	-0.004027	 133.680038	 1.578398
 0.002400	-0.003871	 134.489136	 1.578459
 0.002412	-0.003616	 135.817398	 1.578560
 0.002425	-0.003274	 137.630310	 1.578696
 0.002437	-0.002852	 139.890167	 1.578863
 0.002450	-0.002365	 142.554779	 1.579057
 0.002462	-0.001822	 145.576263	 1.579273
 0.002475	-0.001238	 148.900116	 1.579506
 0.002487	-0.000626	 152.464127	 1.579750
 0.002500	-0.000000	 156.197922	 1.580000
 0.002512	 0.000626	 160.022781	 1.580251
 0.002525	 0.001238	 163.851807	 1.580496
 0.002537	 0.001822	 167.591003	 1.580730
 0.002550	 0.002364	 171.140701	 1.580948
 0.002562	 0.002852	 174.397781	 1.581145
 0.002575	 0.003273	 177.258560	 1.581315
 0.002587	 0.003616	 179.622177	 1.581453
 0.002600	 0.003870	 181.394318	 1.581556
 0.002612	 0.004026	 182.491226	 1.581619
 0.002625	 0.004076	 182.843552	 1.581639
 0.002637	 0.004013	 182.399811	 1.581613
 0.002650	 0.003833	 181.129211	 1.581540
 0.002662	 0.003530	 179.023651	 1.581418
 0.002675	 0.003103	 176.098450	 1.581246
 0.002687	 0.002553	 172.392014	 1.581024
 0.002700	 0.001879	 167.964233	 1.580753
 0.002712	 0.001086	 162.893875	 1.580435
 0.002725	 0.000178	 157.274918	 1.580071
 0.002737	-0.000840	 151.212387	 1.579665
 0.002750	-0.001957	 144.817825	 1.579219
 0.002762	-0.003166	 138.204834	 1.578739
 0.002775	-0.004455	 131.484802	 1.578228
 0.002787	-0.005811	 124.763237	 1.577693
 0.002800	-0.007221	 118.136841	 1.577138
 0.002812	-0.008670	 111.691406	 1.576570
 0.002825	-0.010143	 105.500542	 1.575994
 0.002837	-0.011622	 99.625160	 1.575419
 0.002850	-0.013090	 94.113785	 1.574850
 0.002862	-0.014530	 89.003304	 1.574294
 0.002875	-0.015923	 84.320244	 1.573758
 0.002887	-0.017252	 80.082375	 1.573248
 0.002900	-0.018497	 76.300377	 1.572772
 0.002912	-0.019643	 72.979675	 1.572336
 0.002925	-0.020671	 70.122192	 1.571945
 0.002937	-0.021564	 67.728142	 1.571607
 0.002950	-0.022308	 65.797523	 1.571326
 0.002962	-0.022887	 64.331772	 1.571107
 0.002975	-0.023288	 63.335072	 1.570956
 0.002987	-0.023500	 62.815777	 1.570876
 0.003000	-0.023511	 62.787670	 1.570872
 0.003012	-0.023314	 63.271301	 1.570946
 0.003025	-0.022902	 64.295296	 1.571102
 0.003037	-0.022269	 65.897758	 1.571340
 0.003050	-0.021413	 68.127808	 1.571664
 0.003062	-0.020334	 71.047150	 1.572073
 0.003075	-0.019032	 74.731926	 1.572568
 0.003087	-0.017513	 79.274498	 1.573148
 0.003100	-0.015781	 84.785446	 1.573812
 0.003112	-0.013846	 91.395508	 1.574558
 0.003125	-0.011717	 99.257347	 1.575382
 0.003137	-0.009408	 108.547020	 1.576281
 0.003150	-0.006932	 119.464676	 1.577251
 0.003162	-0.004308	 132.234329	 1.578286
 0.003175	-0.001552	 147.101944	 1.579380
 0.003187	 0.001313	 164.331390	 1.580526
 0.003200	 0.004267	 184.197418	 1.581716
 0.003212	 0.007287	 206.974899	 1.582941
 0.003225	 0.010347	 232.923645	 1.584192
 0.003237	 0.013422	 262.268219	 1.585459
 0.003250	 0.016487	 295.172089	 1.586731
 0.003262	 0.019513	 331.707062	 1.587996
 0.003275	 0.022475	 371.818420	 1.589242
 0.003287	 0.025344	 415.287964	 1.590459
 0.003300	 0.028093	 461.698242	 1.591632
 0.003312	 0.030696	 510.402313	 1.592750
 0.003325	 0.033127	 560.503906	 1.593800
 0.003337	 0.035361	 610.853943	 1.594769
 0.003350	 0.037373	 660.069031	 1.595648
 0.003362	 0.039141	 706.574341	 1.596422
 0.003375	 0.040644	 748.675598	 1.597084
 0.003387	 0.041863	 784.653442	 1.597622
 0.003400	 0.042781	 812.878601	 1.598028
 0.003412	 0.043383	 831.935791	 1.598294
 0.003425	 0.043657	 840.742065	 1.598415
 0.003437	 0.043592	 838.648682	 1.598387
 0.003450	 0.043182	 825.509216	 1.598205
 0.003462	 0.042422	 801.706604	 1.597868
 0.003475	 0.041310	 768.131958	 1.597378
 0.003487	 0.039850	 726.118774	 1.596734
 0.003500	 0.038044	 677.337708	 1.595941
 0.003512	 0.035900	 623.667175	 1.595004
 0.003525	 0.033429	 567.054382	 1.593930
 0.003537	 0.030644	 509.381958	 1.592727
 0.003550	 0.027562	 452.355774	 1.591405
 0.003562	 0.024202	 397.421265	 1.589974
 0.003575	 0.020586	 345.714172	 1.588446
 0.003587	 0.016738	 298.043915	 1.586835
 0.003600	 0.012684	 254.906525	 1.585154
 0.003612	 0.008455	 216.518402	 1.583418
 0.003625	 0.004079	 182.864304	 1.581640
 0.003637	-0.000409	 153.751053	 1.579837
 0.003650	-0.004976	 128.860672	 1.578022
 0.003662	-0.009586	 107.798630	 1.576211
 0.003675	-0.014204	 90.134056	 1.574419
 0.003687	-0.018792	 75.431099	 1.572660
 0.003700	-0.023314	 63.271378	 1.570946
 0.003712	-0.027732	 53.268665	 1.569292
 0.003725	-0.032009	 45.077007	 1.567708
 0.003737	-0.036110	 38.394051	 1.566208
 0.003750	-0.039997	 32.960777	 1.564801
 0.003762	-0.043639	 28.559032	 1.563497
 0.003775	-0.047001	 25.007797	 1.562304
 0.003787	-0.050052	 22.158884	 1.561232
 0.003800	-0.052765	 19.892595	 1.560286
 0.003812	-0.055113	 18.113691	 1.559473
 0.003825	-0.057072	 16.747797	 1.558800
 0.003837	-0.058621	 15.738408	 1.558270
 0.003850	-0.059742	 15.044531	 1.557888
 0.003862	-0.060420	 14.638910	 1.557657
 0.003875	-0.060645	 14.506951	 1.557581
 0.003887	-0.060408	 14.646241	 1.557661
 0.003900	-0.059705	 15.066813	 1.557900
 0.003912	-0.058536	 15.792121	 1.558299
 0.003925	-0.056904	 16.860857	 1.558857
 0.003937	-0.054816	 18.329842	 1.559576
 0.003950	-0.052284	 20.278063	 1.560453
 0.003962	-0.049320	 22.812300	 1.561488
 0.003975	-0.045944	 26.074528	 1.562678
 0.003987	-0.042177	 30.251659	 1.564018
 0.004000	-0.038045	 35.587994	 1.565506
 0.004012	-0.033574	 42.400944	 1.567134
 0.004025	-0.028798	 51.100365	 1.568896
 0.004037	-0.023748	 62.211819	 1.570783
 0.004050	-0.018463	 76.403503	 1.572785
 0.004062	-0.012980	 94.516068	 1.574892
 0.004075	-0.007340	 117.593300	 1.577091
 0.004087	-0.001586	 146.910110	 1.579367
 0.004100	 0.004239	 183.992264	 1.581704
 0.004112	 0.010089	 230.619675	 1.584087
 0.004125	 0.015921	 288.802368	 1.586495
 0.004137	 0.021688	 360.716064	 1.588910
 0.004150	 0.027345	 448.583435	 1.591312
 0.004162	 0.032847	 554.489014	 1.593678
 0.004175	 0.038150	 680.120300	 1.595988
 0.004187	 0.043211	 826.439880	 1.598218
 0.004200	 0.047988	 993.307800	 1.600347
 0.004212	 0.052443	 1179.094360	 1.602352
 0.004225	 0.056538	 1380.342163	 1.604213
 0.004238	 0.060237	 1591.554810	 1.605909
 0.004250	 0.063511	 1805.190918	 1.607421
 0.004263	 0.066329	 2011.931885	 1.608731
 0.004275	 0.068666	 2201.251221	 1.609824
 0.004288	 0.070501	 2362.270508	 1.610685
 0.004300	 0.071815	 2484.816895	 1.611305
 0.004313	 0.072595	 2560.534180	 1.611673
 0.004325	 0.072831	 2583.887451	 1.611785
 0.004338	 0.072517	 2552.871582	 1.611636
 0.004350	 0.071652	 2469.298584	 1.611228
 0.004363	 0.070239	 2338.602295	 1.610562
 0.004375	 0.068285	 2169.194336	 1.609645
 0.004388	 0.065801	 1971.479736	 1.608485
 0.004400	 0.062803	 1756.713135	 1.607093
 0.004413	 0.059312	 1535.872437	 1.605484
 0.004425	 0.055351	 1318.721313	 1.603672
 0.004438	 0.050948	 1113.153320	 1.601677
 0.004450	 0.046134	 924.871399	 1.599518
 0.004463	 0.040944	 757.369873	 1.597216
 0.004475	 0.035416	 612.155273	 1.594794
 0.004488	 0.029591	 489.119019	 1.592274
 0.004500	 0.023511	 386.971771	 1.589681
 0.004513	 0.017223	 303.670166	 1.587037
 0.004525	 0.010773	 236.786423	 1.584367
 0.004538	 0.004211	 183.796738	 1.581693
 0.004550	-0.002414	 142.283051	 1.579037
 0.004563	-0.009051	 110.057091	 1.576421
 0.004575	-0.015649	 85.221191	 1.573863
 0.004588	-0.022157	 66.183769	 1.571383
 0.004600	-0.028526	 51.645000	 1.568997
 0.004613	-0.034705	 40.565971	 1.566720
 0.004625	-0.040646	 32.130634	 1.564568
 0.004638	-0.046303	 25.706900	 1.562551
 0.004650	-0.051632	 20.810637	 1.560680
 0.004663	-0.056590	 17.074339	 1.558965
 0.004675	-0.061138	 14.220991	 1.557414
 0.004688	-0.065241	 12.043034	 1.556032
 0.004700	-0.068864	 10.385804	 1.554826
 0.004713	-0.071979	 9.134804	 1.553799
 0.004725	-0.074561	 8.206062	 1.552955
 0.004738	-0.076588	 7.539004	 1.552298
 0.004750	-0.078043	 7.091269	 1.551828
 0.004763	-0.078914	 6.835092	 1.551548
 0.004775	-0.079192	 6.754963	 1.551459
 0.004788	-0.078875	 6.846321	 1.551561
 0.004800	-0.077963	 7.115204	 1.551854
 0.004813	-0.076462	 7.578843	 1.552338
 0.004825	-0.074382	 8.267212	 1.553013
 0.004838	-0.071739	 9.225758	 1.553877
 0.004850	-0.068552	 10.519498	 1.554929
 0.004863	-0.064844	 12.238953	 1.556165
 0.004875	-0.060643	 14.508343	 1.557582
 0.004888	-0.055980	 17.496826	 1.559175
 0.004900	-0.050890	 21.433559	 1.560939
 0.004913	-0.045413	 26.627628	 1.562866
 0.004925	-0.039589	 33.493935	 1.564948
 0.004938	-0.033463	 42.586105	 1.567175
 0.004950	-0.027082	 54.637157	 1.569534
 0.004963	-0.020493	 70.607941	 1.572013
 0.004975	-0.013748	 91.741989	 1.574595
 0.004988	-0.006898	 119.623116	 1.577265
 0.005000	 0.000005	 156.228622	 1.580002
 0.005013	 0.006908	 203.966736	 1.582787
 0.005025	 0.013758	 265.681091	 1.585598
 0.005038	 0.020502	 344.600220	 1.588411
 0.005050	 0.027091	 444.205719	 1.591203
 0.005063	 0.033472	 567.992493	 1.593949
 0.005075	 0.039597	 719.102966	 1.596623
 0.005088	 0.045421	 899.829346	 1.599200
 0.005100	 0.050898	 1111.010132	 1.601654
 0.005113	 0.055986	 1351.377075	 1.603962
 0.005125	 0.060649	 1616.951294	 1.606099
 0.005138	 0.064849	 1900.621948	 1.608042
 0.005150	 0.068557	 2192.042236	 1.609773
 0.005163	 0.071743	 2477.973389	 1.611271
 0.005175	 0.074386	 2743.130615	 1.612521
 0.005188	 0.076464	 2971.511475	 1.613509
 0.005200	 0.077964	 3148.047607	 1.614225
 0.005213	 0.078876	 3260.356689	 1.614661
 0.005225	 0.079192	 3300.296387	 1.614813
 0.005238	 0.078913	 3265.017822	 1.614679
 0.005250	 0.078041	 3157.337402	 1.614262
 0.005263	 0.076585	 2985.340088	 1.613567
 0.005275	 0.074557	 2761.302734	 1.612602
 0.005288	 0.071975	 2500.142578	 1.611380
 0.005300	 0.068859	 2217.687988	 1.609914
 0.005313	 0.065235	 1929.049072	 1.608222
 0.005325	 0.061132	 1647.326172	 1.606322
 0.005338	 0.056584	 1382.789551	 1.604234
 0.005350	 0.051625	 1142.548828	 1.601983
 0.005363	 0.046296	 930.653687	 1.599590
 0.005375	 0.040638	 748.502258	 1.597081
 0.005388	 0.034696	 595.423035	 1.594480
 0.005400	 0.028517	 469.303436	 1.591813
 0.005413	 0.022148	 367.173279	 1.589105
 0.005425	 0.015640	 285.686676	 1.586378
 0.005438	 0.009042	 221.480057	 1.583658
 0.005450	 0.002405	 171.408981	 1.580965
 0.005463	-0.004220	 132.682373	 1.578321
 0.005475	-0.010782	 102.917984	 1.575745
 0.005488	-0.017232	 80.143951	 1.573256
 0.005500	-0.023520	 62.767532	 1.570869
 0.005513	-0.029599	 49.527245	 1.568599
 0.005525	-0.035424	 39.439552	 1.566458
 0.005538	-0.040951	 31.747152	 1.564458
 0.005550	-0.046141	 25.872663	 1.562608
 0.005563	-0.050954	 21.379234	 1.560917
 0.005575	-0.055357	 17.938303	 1.559389
 0.005588	-0.059317	 15.303969	 1.558032
 0.005600	-0.062808	 13.293015	 1.556849
 0.005613	-0.065804	 11.769673	 1.555843
 0.005625	-0.068288	 10.634138	 1.555017
 0.005638	-0.070241	 9.814071	 1.554370
 0.005650	-0.071654	 9.258425	 1.553906
 0.005663	-0.072518	 8.933072	 1.553622
 0.005675	-0.072831	 8.817863	 1.553520
 0.005688	-0.072595	 8.904843	 1.553597
 0.005700	-0.071814	 9.197459	 1.553853
 0.005713	-0.070498	 9.710647	 1.554286
 0.005725	-0.068663	 10.471786	 1.554892
 0.005738	-0.066325	 11.522590	 1.555670
 0.005750	-0.063506	 12.921980	 1.556614
 0.005763	-0.060232	 14.750172	 1.557721
 0.005775	-0.056532	 17.114113	 1.558985
 0.005788	-0.052437	 20.154552	 1.560400
 0.005800	-0.047982	 24.054976	 1.561958
 0.005813	-0.043204	 29.052591	 1.563652
 0.005825	-0.038143	 35.451439	 1.565470
 0.005838	-0.032840	 43.637470	 1.567403
 0.005850	-0.027337	 54.095055	 1.569439
 0.005863	-0.021680	 67.423615	 1.571563
 0.005875	-0.015913	 84.352592	 1.573761
 0.005888	-0.010081	 105.751373	 1.576018
 0.005900	-0.004230	 132.630051	 1.578317
 0.005913	 0.001594	 166.125305	 1.580639
 0.005925	 0.007348	 207.464996	 1.582966
 0.005938	 0.012988	 257.904938	 1.585279
 0.005950	 0.018470	 318.632141	 1.587559
 0.005963	 0.023755	 390.632935	 1.589784
 0.005975	 0.028804	 474.527740	 1.591937
 0.005988	 0.033581	 570.384399	 1.593996
 0.006000	 0.038051	 677.527588	 1.595944
 0.006013	 0.042183	 794.372925	 1.597763
 0.006025	 0.045949	 918.319458	 1.599435
 0.006038	 0.049325	 1045.733643	 1.600946
 0.006050	 0.052287	 1172.055298	 1.602282
 0.006063	 0.054820	 1292.034668	 1.603430
 0.006075	 0.056907	 1400.099121	 1.604382
 0.006088	 0.058538	 1490.811768	 1.605129
 0.006100	 0.059706	 1559.370117	 1.605665
 0.006113	 0.060409	 1602.077515	 1.605988
 0.006125	 0.060645	 1616.715576	 1.606097
 0.006138	 0.060420	 1602.761841	 1.605993
 0.006150	 0.059741	 1561.419800	 1.605681
 0.006163	 0.058619	 1495.457153	 1.605166
 0.006175	 0.057069	 1408.889893	 1.604456
 0.006188	 0.055110	 1306.553833	 1.603563
 0.006200	 0.052762	 1193.642212	 1.602497
 0.006213	 0.050048	 1075.260986	 1.601272
 0.006225	 0.046995	 956.062256	 1.599903
 0.006238	 0.043633	 839.981384	 1.598405
 0.006250	 0.039991	 730.091980	 1.596796
 0.006263	 0.036103	 628.569031	 1.595093
 0.006275	 0.032002	 536.739868	 1.593313
 0.006288	 0.027725	 455.195587	 1.591474
 0.006300	 0.023307	 383.935242	 1.589594
 0.006313	 0.018785	 322.519196	 1.587690
 0.006325	 0.014196	 270.213470	 1.585779
 0.006338	 0.009578	 226.114182	 1.583877
 0.006350	 0.004968	 189.246353	 1.581999
 0.006363	 0.000401	 158.637314	 1.580160
 0.006375	-0.004087	 133.366104	 1.578373
 0.006388	-0.008462	 112.593422	 1.576651
 0.006400	-0.012692	 95.576263	 1.575004
 0.006413	-0.016745	 81.671799	 1.573442
 0.006425	-0.020593	 70.333961	 1.571975
 0.006438	-0.024209	 61.105774	 1.570609
 0.006450	-0.027569	 53.609425	 1.569353
 0.006463	-0.030650	 47.535870	 1.568210
 0.006475	-0.033434	 42.634563	 1.567185
 0.006488	-0.035904	 38.704166	 1.566283
 0.006500	-0.038047	 35.584297	 1.565505
 0.006513	-0.039853	 33.148552	 1.564853
 0.006525	-0.041313	 31.298687	 1.564328
 0.006538	-0.042424	 29.959858	 1.563931
 0.006550	-0.043183	 29.076876	 1.563659
 0.006563	-0.043592	 28.611279	 1.563513
 0.006575	-0.043656	 28.539122	 1.563490
 0.006588	-0.043382	 28.849346	 1.563588
 0.006600	-0.042779	 29.542719	 1.563803
 0.006613	-0.041861	 30.631084	 1.564132
 0.006625	-0.040641	 32.137012	 1.564569
 0.006638	-0.039137	 34.093651	 1.565111
 0.006650	-0.037369	 36.544739	 1.565751
 0.006663	-0.035356	 39.544609	 1.566483
 0.006675	-0.033122	 43.158176	 1.567300
 0.006688	-0.030691	 47.460636	 1.568195
 0.006700	-0.028087	 52.536823	 1.569160
 0.006713	-0.025337	 58.479942	 1.570186
 0.006725	-0.022468	 65.389511	 1.571265
 0.006738	-0.019506	 73.368317	 1.572388
 0.006750	-0.016480	 82.518158	 1.573544
 0.006763	-0.013415	 92.934235	 1.574724
 0.006775	-0.010340	 104.698204	 1.575918
 0.006788	-0.007279	 117.869835	 1.577115
 0.006800	-0.004260	 132.477722	 1.578305
 0.006813	-0.001306	 148.509384	 1.579478
 0.006825	 0.001559	 165.901627	 1.580625
 0.006838	 0.004314	 184.531830	 1.581735
 0.006850	 0.006939	 204.211487	 1.582800
 0.006863	 0.009414	 224.683121	 1.583810
 0.006875	 0.011723	 245.621353	 1.584758
 0.006888	 0.013851	 266.639221	 1.585636
 0.006900	 0.015786	 287.299835	 1.586439
 0.006913	 0.017517	 307.133331	 1.587160
 0.006925	 0.019036	 325.658356	 1.587795
 0.006938	 0.020337	 342.406006	 1.588341
 0.006950	 0.021416	 356.945587	 1.588796
 0.006963	 0.022271	 368.908447	 1.589156
 0.006975	 0.022903	 378.009003	 1.589424
 0.006988	 0.023315	 384.059875	 1.589598
 0.007000	 0.023512	 386.981079	 1.589681
 0.007013	 0.023500	 386.801239	 1.589676
 0.007025	 0.023288	 383.652039	 1.589586
 0.007038	 0.022886	 377.756134	 1.589416
 0.007050	 0.022306	 369.410431	 1.589171
 0.007063	 0.021562	 358.965912	 1.588857
 0.007075	 0.020668	 346.806702	 1.588481
 0.007088	 0.019640	 333.329468	 1.588049
 0.007100	 0.018494	 318.924835	 1.587569
 0.007113	 0.017248	 303.962250	 1.587048
 0.007125	 0.015919	 288.778046	 1.586494
 0.007138	 0.014525	 273.667603	 1.585916
 0.007150	 0.013085	 258.881378	 1.585320
 0.007163	 0.011617	 244.623596	 1.584714
 0.007175	 0.010138	 231.053802	 1.584107
 0.007188	 0.008666	 218.290390	 1.583504
 0.007200	 0.007217	 206.415115	 1.582913
 0.007213	 0.005807	 195.478394	 1.582340
 0.007225	 0.004451	 185.504837	 1.581790
 0.007238	 0.003162	 176.498489	 1.581270
 0.007250	 0.001954	 168.447769	 1.580783
 0.007263	 0.000836	 161.329636	 1.580335
 0.007275	-0.000181	 155.113373	 1.579928
 0.007288	-0.001089	 149.763535	 1.579565
 0.007300	-0.001881	 145.242203	 1.579249
 0.007313	-0.002555	 141.510849	 1.578981
 0.007325	-0.003105	 138.531433	 1.578763
 0.007338	-0.003531	 136.267212	 1.578594
 0.007350	-0.003833	 134.683105	 1.578474
 0.007363	-0.004014	 133.745575	 1.578403
 0.007375	-0.004076	 133.422455	 1.578378
 0.007388	-0.004026	 133.682297	 1.578398
 0.007400	-0.003870	 134.493637	 1.578460
 0.007413	-0.003615	 135.824036	 1.578560
 0.007425	-0.003272	 137.638977	 1.578697
 0.007438	-0.002851	 139.900681	 1.578864
 0.007450	-0.002362	 142.566956	 1.579058
 0.007463	-0.001820	 145.589935	 1.579274
 0.007475	-0.001236	 148.915009	 1.579507
 0.007488	-0.000624	 152.479950	 1.579751
 0.007500	 0.000002	 156.214401	 1.580001
 0.007513	 0.000628	 160.039536	 1.580252
 0.007525	 0.001240	 163.868469	 1.580497
 0.007538	 0.001824	 167.607132	 1.580731
 0.007550	 0.002366	 171.155807	 1.580949
 0.007563	 0.002854	 174.411438	 1.581146
 0.007575	 0.003275	 177.270279	 1.581315
 0.007588	 0.003618	 179.631485	 1.581454
 0.007600	 0.003871	 181.400818	 1.581556
 0.007613	 0.004027	 182.494553	 1.581619
 0.007625	 0.004076	 182.843353	 1.581639
 0.007638	 0.004013	 182.395920	 1.581613
 0.007650	 0.003831	 181.121475	 1.581540
 0.007663	 0.003528	 179.012070	 1.581417
 0.007675	 0.003101	 176.083115	 1.581245
 0.007688	 0.002550	 172.373123	 1.581023
 0.007700	 0.001876	 167.942123	 1.580752
 0.007713	 0.001082	 162.868881	 1.580433
 0.007725	 0.000173	 157.247482	 1.580069
 0.007738	-0.000845	 151.182999	 1.579663
 0.007750	-0.001963	 144.787033	 1.579217
 0.007763	-0.003172	 138.173157	 1.578736
 0.007775	-0.004461	 131.452759	 1.578226
 0.007788	-0.005818	 124.731293	 1.577690
 0.007800	-0.007228	 118.105438	 1.577135
 0.007813	-0.008677	 111.660942	 1.576567
 0.007825	-0.010150	 105.471344	 1.575992
 0.007838	-0.011629	 99.597519	 1.575416
 0.007850	-0.013097	 94.087914	 1.574847
 0.007863	-0.014537	 88.979347	 1.574291
 0.007875	-0.015930	 84.298355	 1.573755
 0.007888	-0.017258	 80.062622	 1.573246
 0.007900	-0.018503	 76.282822	 1.572770
 0.007913	-0.019648	 72.964340	 1.572334
 0.007925	-0.020676	 70.109123	 1.571944
 0.007938	-0.021568	 67.717331	 1.571605
 0.007950	-0.022311	 65.789009	 1.571324
 0.007963	-0.022890	 64.325569	 1.571106
 0.007975	-0.023290	 63.331238	 1.570955
 0.007988	-0.023501	 62.814377	 1.570876
 0.008000	-0.023511	 62.788818	 1.570872
 0.008013	-0.023313	 63.275139	 1.570947
 0.008025	-0.022899	 64.302002	 1.571103
 0.008038	-0.022265	 65.907578	 1.571342
 0.008050	-0.021408	 68.141052	 1.571666
 0.008063	-0.020327	 71.064209	 1.572076
 0.008075	-0.019025	 74.753265	 1.572571
 0.008088	-0.017504	 79.300652	 1.573151
 0.008100	-0.015771	 84.817101	 1.573816
 0.008113	-0.013835	 91.433441	 1.574562
 0.008125	-0.011705	 99.302467	 1.575386
 0.008138	-0.009395	 108.600372	 1.576286
 0.008150	-0.006919	 119.527443	 1.577256
 0.008163	-0.004293	 132.307846	 1.578292
 0.008175	-0.001537	 147.187637	 1.579386
 0.008188	 0.001329	 164.430801	 1.580532
 0.008200	 0.004284	 184.312149	 1.581723
 0.008213	 0.007303	 207.106491	 1.582948
 0.008225	 0.010364	 233.073578	 1.584199
 0.008238	 0.013439	 262.437653	 1.585466
 0.008250	 0.016503	 295.361847	 1.586738
 0.008263	 0.019530	 331.917358	 1.588003
 0.008275	 0.022491	 372.048676	 1.589249
 0.008288	 0.025359	 415.536560	 1.590465
 0.008300	 0.028108	 461.962402	 1.591638
 0.008313	 0.030710	 510.677887	 1.592756
 0.008325	 0.033140	 560.785278	 1.593805
 0.008338	 0.035373	 611.133972	 1.594775
 0.008350	 0.037383	 660.339111	 1.595652
 0.008363	 0.039150	 706.825500	 1.596426
 0.008375	 0.040652	 748.897705	 1.597087
 0.008388	 0.041869	 784.836670	 1.597624
 0.008400	 0.042785	 813.014221	 1.598029
 0.008413	 0.043386	 832.015991	 1.598295
 0.008425	 0.043657	 840.761475	 1.598416
 0.008438	 0.043590	 838.604675	 1.598386
 0.008450	 0.043178	 825.401917	 1.598204
 0.008463	 0.042416	 801.539429	 1.597866
 0.008475	 0.041303	 767.911194	 1.597374
 0.008488	 0.039840	 725.852783	 1.596730
 0.008500	 0.038032	 677.036804	 1.595936
 0.008513	 0.035886	 623.342407	 1.594998
 0.008525	 0.033413	 566.716919	 1.593924
 0.008538	 0.030627	 509.042480	 1.592720
 0.008550	 0.027543	 452.023621	 1.591397
 0.008563	 0.024182	 397.104156	 1.589965
 0.008575	 0.020564	 345.417969	 1.588437
 0.008588	 0.016714	 297.772736	 1.586825
 0.008600	 0.012660	 254.662521	 1.585144
 0.008613	 0.008429	 216.302307	 1.583407
 0.008625	 0.004053	 182.675629	 1.581629
 0.008638	-0.000436	 153.588348	 1.579826
 0.008650	-0.005004	 128.721909	 1.578011
 0.008663	-0.009614	 107.681412	 1.576200
 0.008675	-0.014232	 90.035858	 1.574408
 0.008688	-0.018820	 75.349403	 1.572649
 0.008700	-0.023342	 63.203812	 1.570936
 0.008713	-0.027759	 53.213047	 1.569282
 0.008725	-0.032035	 45.031422	 1.567699
 0.008738	-0.036134	 38.356819	 1.566199
 0.008750	-0.040021	 32.930462	 1.564793
 0.008763	-0.043660	 28.534451	 1.563489
 0.008775	-0.047021	 24.987959	 1.562297
 0.008788	-0.050071	 22.142982	 1.561225
 0.008800	-0.052781	 19.879984	 1.560280
 0.008813	-0.055127	 18.103859	 1.559469
 0.008825	-0.057083	 16.740345	 1.558796
 0.008838	-0.058629	 15.733051	 1.558267
 0.008850	-0.059748	 15.041062	 1.557886
 0.008863	-0.060423	 14.637212	 1.557656
 0.008875	-0.060645	 14.506975	 1.557581
 0.008888	-0.060405	 14.648026	 1.557662
 0.008900	-0.059699	 15.070472	 1.557902
 0.008913	-0.058527	 15.797847	 1.558302
 0.008925	-0.056892	 16.868956	 1.558861
 0.008938	-0.054802	 18.340744	 1.559581
 0.008950	-0.052266	 20.292362	 1.560459
 0.008963	-0.049300	 22.830784	 1.561495
 0.008975	-0.045921	 26.098246	 1.562686
 0.008988	-0.042152	 30.281984	 1.564028
 0.009000	-0.038017	 35.626717	 1.565516
 0.009013	-0.033545	 42.450386	 1.567145
 0.009025	-0.028766	 51.163506	 1.568907
 0.009038	-0.023715	 62.292469	 1.570795
 0.009050	-0.018428	 76.506493	 1.572799
 0.009063	-0.012944	 94.647423	 1.574906
 0.009075	-0.007303	 117.760452	 1.577105
 0.009088	-0.001549	 147.122055	 1.579382
 0.009100	 0.004276	 184.259659	 1.581720
 0.009113	 0.010127	 230.954773	 1.584102
 0.009125	 0.015958	 289.218689	 1.586511
 0.009138	 0.021725	 361.227936	 1.588926
 0.009150	 0.027381	 449.205017	 1.591327
 0.009163	 0.032882	 555.232727	 1.593693
 0.009175	 0.038183	 680.994873	 1.596002
 0.009188	 0.043243	 827.448425	 1.598232
 0.009200	 0.048018	 994.445129	 1.600360
 0.009213	 0.052470	 1180.344360	 1.602365
 0.009225	 0.056563	 1381.676025	 1.604225
 0.009238	 0.060260	 1592.930542	 1.605920
 0.009250	 0.063530	 1806.553589	 1.607430
 0.009263	 0.066345	 2013.216797	 1.608739
 0.009275	 0.068679	 2202.388672	 1.609830
 0.009288	 0.070511	 2363.192383	 1.610690
 0.009300	 0.071822	 2485.461670	 1.611308
 0.009313	 0.072599	 2560.856201	 1.611675
 0.009325	 0.072831	 2583.862305	 1.611785
 0.009338	 0.072514	 2552.497803	 1.611634
 0.009350	 0.071645	 2468.600586	 1.611225
 0.009363	 0.070228	 2337.625977	 1.610557
 0.009375	 0.068270	 2168.000977	 1.609639
 0.009388	 0.065783	 1970.140625	 1.608477
 0.009400	 0.062782	 1755.300415	 1.607084
 0.009413	 0.059288	 1534.454346	 1.605473
 0.009425	 0.055324	 1317.354492	 1.603660
 0.009438	 0.050918	 1111.881958	 1.601663
 0.009450	 0.046102	 923.724792	 1.599503
 0.009463	 0.040909	 756.363708	 1.597201
 0.009475	 0.035379	 611.293762	 1.594778
 0.009488	 0.029552	 488.397003	 1.592257
 0.009500	 0.023471	 386.378113	 1.589664
 0.009513	 0.017182	 303.190094	 1.587020
 0.009525	 0.010731	 236.403809	 1.584350
 0.009538	 0.004169	 183.495468	 1.581676
 0.009550	-0.002457	 142.048264	 1.579020
 0.009563	-0.009093	 109.875572	 1.576404
 0.009575	-0.015691	 85.081741	 1.573847
 0.009588	-0.022199	 66.077110	 1.571367
 0.009600	-0.028566	 51.563656	 1.568982
 0.009613	-0.034744	 40.504028	 1.566706
 0.009625	-0.040684	 32.083473	 1.564554
 0.009638	-0.046339	 25.670967	 1.562538
 0.009650	-0.051665	 20.783234	 1.560669
 0.009663	-0.056621	 17.053415	 1.558955
 0.009675	-0.061166	 14.205011	 1.557404
 0.009688	-0.065265	 12.030851	 1.556024
 0.009700	-0.068886	 10.376565	 1.554818
 0.009713	-0.071997	 9.127877	 1.553793
 0.009725	-0.074575	 8.200989	 1.552951
 0.009738	-0.076599	 7.535459	 1.552294
 0.009750	-0.078050	 7.089030	 1.551826
 0.009763	-0.078917	 6.834025	 1.551547
 0.009775	-0.079192	 6.755004	 1.551459
 0.009788	-0.078871	 6.847471	 1.551562
 0.009800	-0.077955	 7.117540	 1.551857
 0.009813	-0.076450	 7.582514	 1.552342
 0.009825	-0.074367	 8.272457	 1.553018
 0.009838	-0.071721	 9.232924	 1.553884
 0.009850	-0.068530	 10.529086	 1.554936
 0.009863	-0.064818	 12.251638	 1.556173
 0.009875	-0.060614	 14.525061	 1.557591
 0.009888	-0.055948	 17.518837	 1.559186
 0.009900	-0.050856	 21.462576	 1.560951
 0.009913	-0.045377	 26.665947	 1.562879
 0.009925	-0.039551	 33.544636	 1.564962
 0.009938	-0.033423	 42.653282	 1.567189
 0.009950	-0.027040	 54.726204	 1.569550
 0.009963	-0.020450	 70.725891	 1.572029
 0.009975	-0.013704	 91.897888	 1.574612
 0.009988	-0.006854	 119.828369	 1.577282
 0.010000	 0.000049	 156.497330	 1.580020
 0.010013	 0.006952	 204.315811	 1.582805
 0.010025	 0.013801	 266.130157	 1.585616
 0.010038	 0.020545	 345.171112	 1.588429
 0.010050	 0.027132	 444.921112	 1.591221
 0.010063	 0.033512	 568.874390	 1.593966
 0.010075	 0.039636	 720.169189	 1.596640
 0.010088	 0.045457	 901.090820	 1.599216
 0.010100	 0.050932	 1112.465942	 1.601670
 0.010113	 0.056018	 1353.010620	 1.603976
 0.010125	 0.060677	 1618.727905	 1.606112
 0.010138	 0.064875	 1902.484741	 1.608054
 0.010150	 0.068579	 2193.915039	 1.609783
 0.010163	 0.071762	 2479.762451	 1.611280
 0.010175	 0.074401	 2744.734375	 1.612528
 0.010188	 0.076476	 2972.828369	 1.613515
 0.010200	 0.077972	 3148.986084	 1.614229
 0.010213	 0.078880	 3260.851074	 1.614663
 0.010225	 0.079192	 3300.309570	 1.614813
 0.010238	 0.078909	 3264.550781	 1.614677
 0.010250	 0.078034	 3156.425293	 1.614258
 0.010263	 0.076574	 2984.050293	 1.613561
 0.010275	 0.074543	 2759.724121	 1.612595
 0.010288	 0.071957	 2498.376465	 1.611372
 0.010300	 0.068837	 2215.835693	 1.609904
 0.010313	 0.065210	 1927.201782	 1.608210
 0.010325	 0.061105	 1645.560059	 1.606309
 0.010338	 0.056553	 1381.160522	 1.604220
 0.010350	 0.051592	 1141.092407	 1.601968
 0.010363	 0.046260	 929.386597	 1.599574
 0.010375	 0.040601	 747.426208	 1.597064
 0.010388	 0.034657	 594.528503	 1.594464
 0.010400	 0.028477	 468.573242	 1.591796
 0.010413	 0.022107	 366.586761	 1.589087
 0.010425	 0.015598	 285.221954	 1.586361
 0.010438	 0.008999	 221.115982	 1.583640
 0.010450	 0.002362	 171.126373	 1.580948
 0.010463	-0.004263	 132.464584	 1.578304
 0.010475	-0.010824	 102.751038	 1.575729
 0.010488	-0.017273	 80.016426	 1.573240
 0.010500	-0.023560	 62.670326	 1.570854
 0.010513	-0.029637	 49.453194	 1.568584
 0.010525	-0.035460	 39.383114	 1.566445
 0.010538	-0.040986	 31.704088	 1.564446
 0.010550	-0.046173	 25.839746	 1.562597
 0.010563	-0.050984	 21.354036	 1.560906
 0.010575	-0.055384	 17.919004	 1.559380
 0.010588	-0.059341	 15.289208	 1.558024
 0.010600	-0.062829	 13.281783	 1.556842
 0.010613	-0.065822	 11.761219	 1.555837
 0.010625	-0.068302	 10.627919	 1.555012
 0.010638	-0.070252	 9.809697	 1.554367
 0.010650	-0.071661	 9.255625	 1.553903
 0.010663	-0.072522	 8.931674	 1.553621
 0.010675	-0.072832	 8.817778	 1.553520
 0.010688	-0.072591	 8.906058	 1.553598
 0.010700	-0.071807	 9.200033	 1.553855
 0.010713	-0.070488	 9.714714	 1.554289
 0.010725	-0.068649	 10.477567	 1.554897
 0.010738	-0.066308	 11.530404	 1.555675
 0.010750	-0.063487	 12.932271	 1.556621
 0.010763	-0.060210	 14.763536	 1.557729
 0.010775	-0.056507	 17.131338	 1.558994
 0.010788	-0.052409	 20.176672	 1.560410
 0.010800	-0.047952	 24.083332	 1.561969
 0.010813	-0.043172	 29.088907	 1.563663
 0.010825	-0.038109	 35.497921	 1.565482
 0.010838	-0.032805	 43.696911	 1.567416
 0.010850	-0.027301	 54.170910	 1.569452
 0.010863	-0.021643	 67.520157	 1.571577
 0.010875	-0.015876	 84.474960	 1.573776
 0.010888	-0.010044	 105.905624	 1.576033
 0.010900	-0.004193	 132.823105	 1.578332
 0.010913	 0.001632	 166.364838	 1.580654
 0.010925	 0.007385	 207.759079	 1.582981
 0.010938	 0.013023	 258.261505	 1.585294
 0.010950	 0.018505	 319.058411	 1.587573
 0.010963	 0.023789	 391.134216	 1.589798
 0.010975	 0.028836	 475.106445	 1.591950
 0.010988	 0.033611	 571.038757	 1.594009
 0.011000	 0.038078	 678.250488	 1.595956
 0.011013	 0.042208	 795.150940	 1.597774
 0.011025	 0.045972	 919.132324	 1.599446
 0.011038	 0.049345	 1046.555054	 1.600955
 0.011050	 0.052305	 1172.853271	 1.602290
 0.011063	 0.054835	 1292.773804	 1.603437
 0.011075	 0.056919	 1400.743774	 1.604387
 0.011088	 0.058547	 1491.328247	 1.605133
 0.011100	 0.059712	 1559.730713	 1.605668
 0.011113	 0.060412	 1602.262817	 1.605989
 0.011125	 0.060645	 1616.716675	 1.606097
 0.011138	 0.060417	 1602.581177	 1.605992
 0.011150	 0.059735	 1561.070190	 1.605678
 0.011163	 0.058610	 1494.961426	 1.605162
 0.011175	 0.057058	 1408.276367	 1.604451
 0.011188	 0.055096	 1305.855713	 1.603556
 0.011200	 0.052745	 1192.892578	 1.602489
 0.011213	 0.050029	 1074.492188	 1.601263
 0.011225	 0.046975	 955.301758	 1.599893
 0.011238	 0.043610	 839.251831	 1.598395
 0.011250	 0.039967	 729.410278	 1.596786
 0.011263	 0.036077	 627.946350	 1.595082
 0.011275	 0.031975	 536.182190	 1.593301
 0.011288	 0.027697	 454.704590	 1.591462
 0.011300	 0.023278	 383.509338	 1.589582
 0.011313	 0.018755	 322.154480	 1.587678
 0.011325	 0.014166	 269.904572	 1.585767
 0.011338	 0.009548	 225.854950	 1.583865
 0.011350	 0.004938	 189.030457	 1.581987
 0.011363	 0.000372	 158.458618	 1.580149
 0.011375	-0.004116	 133.218948	 1.578362
 0.011388	-0.008490	 112.472694	 1.576640
 0.011400	-0.012719	 95.477501	 1.574993
 0.011413	-0.016771	 81.591194	 1.573432
 0.011425	-0.020617	 70.268303	 1.571966
 0.011438	-0.024232	 61.052380	 1.570601
 0.011450	-0.027589	 53.566109	 1.569345
 0.011463	-0.030669	 47.500832	 1.568203
 0.011475	-0.033451	 42.606369	 1.567179
 0.011488	-0.035919	 38.681660	 1.566277
 0.011500	-0.038060	 35.566559	 1.565500
 0.011513	-0.039863	 33.134876	 1.564849
 0.011525	-0.041321	 31.288511	 1.564325
 0.011538	-0.042430	 29.952772	 1.563928
 0.011550	-0.043187	 29.072580	 1.563658
 0.011563	-0.043594	 28.609577	 1.563513
 0.011575	-0.043656	 28.539898	 1.563491
 0.011588	-0.043379	 28.852581	 1.563589
 0.011600	-0.042775	 29.548439	 1.563805
 0.011613	-0.041854	 30.639406	 1.564134
 0.011625	-0.040632	 32.148117	 1.564573
 0.011638	-0.039127	 34.107788	 1.565115
 0.011650	-0.037356	 36.562222	 1.565755
 0.011663	-0.035342	 39.565819	 1.566488
 0.011675	-0.033107	 43.183563	 1.567305
 0.011688	-0.030674	 47.490723	 1.568201
 0.011700	-0.028070	 52.572182	 1.569166
 0.011713	-0.025319	 58.521191	 1.570193
 0.011725	-0.022449	 65.437317	 1.571272
 0.011738	-0.019487	 73.423332	 1.572395
 0.011750	-0.016460	 82.581024	 1.573552
 0.011763	-0.013395	 93.005539	 1.574732
 0.011775	-0.010320	 104.778397	 1.575925
 0.011788	-0.007260	 117.959206	 1.577122
 0.011800	-0.004241	 132.576324	 1.578313
 0.011813	-0.001287	 148.617020	 1.579486
 0.011825	 0.001577	 166.017685	 1.580632
 0.011838	 0.004332	 184.655304	 1.581742
 0.011850	 0.006955	 204.340973	 1.582806
 0.011863	 0.009429	 224.816711	 1.583816
 0.011875	 0.011737	 245.756744	 1.584764
 0.011888	 0.013864	 266.773773	 1.585642
 0.011900	 0.015798	 287.430603	 1.586444
 0.011913	 0.017527	 307.257233	 1.587165
 0.011925	 0.019045	 325.772247	 1.587799
 0.011938	 0.020344	 342.507019	 1.588345
 0.011950	 0.021422	 357.031097	 1.588798
 0.011963	 0.022276	 368.976379	 1.589158
 0.011975	 0.022906	 378.057800	 1.589425
 0.011988	 0.023317	 384.088715	 1.589599
 0.012000	 0.023512	 386.989746	 1.589681
 0.012013	 0.023499	 386.790314	 1.589676
 0.012025	 0.023286	 383.622620	 1.589585
 0.012038	 0.022883	 377.709930	 1.589415
 0.012050	 0.022302	 369.349548	 1.589169
 0.012063	 0.021557	 358.892731	 1.588855
 0.012075	 0.020662	 346.723785	 1.588478
 0.012088	 0.019633	 333.239349	 1.588046
 0.012100	 0.018486	 318.830017	 1.587565
 0.012113	 0.017239	 303.864929	 1.587044
 0.012125	 0.015910	 288.680298	 1.586491
 0.012138	 0.014516	 273.571228	 1.585912
 0.012150	 0.013076	 258.787811	 1.585316
 0.012163	 0.011608	 244.533951	 1.584710
 0.012175	 0.010129	 230.969009	 1.584103
 0.012188	 0.008656	 218.211090	 1.583500
 0.012200	 0.007207	 206.341705	 1.582909
 0.012213	 0.005798	 195.411148	 1.582336
 0.012225	 0.004442	 185.443802	 1.581787
 0.012238	 0.003154	 176.443680	 1.581267
 0.012250	 0.001946	 168.399017	 1.580780
 0.012263	 0.000829	 161.286789	 1.580332
 0.012275	-0.000187	 155.076233	 1.579925
 0.012288	-0.001094	 149.731827	 1.579563
 0.012300	-0.001886	 145.215714	 1.579247
 0.012313	-0.002559	 141.489319	 1.578980
 0.012325	-0.003108	 138.514618	 1.578762
 0.012338	-0.003533	 136.254883	 1.578593
 0.012350	-0.003835	 134.675034	 1.578473
 0.012363	-0.004015	 133.741562	 1.578402
 0.012375	-0.004076	 133.422302	 1.578378
 0.012388	-0.004025	 133.685791	 1.578398
 0.012400	-0.003868	 134.500580	 1.578460
 0.012413	-0.003613	 135.834198	 1.578561
 0.012425	-0.003270	 137.652145	 1.578698
 0.012438	-0.002848	 139.916595	 1.578865
 0.012450	-0.002359	 142.585312	 1.579059
 0.012463	-0.001816	 145.610428	 1.579275
 0.012475	-0.001232	 148.937225	 1.579508
 0.012488	-0.000620	 152.503525	 1.579752
 0.012500	 0.000007	 156.238815	 1.580003
 0.012513	 0.000632	 160.064255	 1.580253
 0.012525	 0.001244	 163.892914	 1.580498
 0.012538	 0.001828	 167.630676	 1.580733
 0.012550	 0.002370	 171.177811	 1.580951
 0.012563	 0.002857	 174.431198	 1.581147
 0.012575	 0.003277	 177.287170	 1.581316
 0.012588	 0.003619	 179.644852	 1.581454
 0.012600	 0.003873	 181.410095	 1.581557
 0.012613	 0.004028	 182.499237	 1.581619
 0.012625	 0.004076	 182.843079	 1.581639
 0.012638	 0.004012	 182.390381	 1.581613
 0.012650	 0.003830	 181.110580	 1.581539
 0.012663	 0.003526	 178.995819	 1.581416
 0.012675	 0.003098	 176.061707	 1.581244
 0.012688	 0.002546	 172.346863	 1.581022
 0.012700	 0.001871	 167.911438	 1.580750
 0.012713	 0.001076	 162.834351	 1.580431
 0.012725	 0.000167	 157.209763	 1.580067
 0.012738	-0.000851	 151.142792	 1.579660
 0.012750	-0.001970	 144.745071	 1.579214
 0.012763	-0.003180	 138.130157	 1.578733
 0.012775	-0.004469	 131.409409	 1.578222
 0.012788	-0.005826	 124.688263	 1.577686
 0.012800	-0.007237	 118.063316	 1.577131
 0.012813	-0.008687	 111.620247	 1.576563
 0.012825	-0.010159	 105.432495	 1.575988
 0.012838	-0.011638	 99.560867	 1.575413
 0.012850	-0.013106	 94.053726	 1.574843
 0.012863	-0.014546	 88.947853	 1.574288
 0.012875	-0.015938	 84.269669	 1.573752
 0.012888	-0.017266	 80.036842	 1.573243
 0.012900	-0.018511	 76.259995	 1.572767
 0.012913	-0.019655	 72.944496	 1.572331
 0.012925	-0.020682	 70.092262	 1.571941
 0.012938	-0.021574	 67.703445	 1.571603
 0.012950	-0.022316	 65.778107	 1.571323
 0.012963	-0.022893	 64.317673	 1.571105
 0.012975	-0.023292	 63.326378	 1.570955
 0.012988	-0.023501	 62.812626	 1.570876
 0.013000	-0.023510	 62.790283	 1.570872
 0.013013	-0.023311	 63.279980	 1.570947
 0.013025	-0.022896	 64.310432	 1.571104
 0.013038	-0.022260	 65.919891	 1.571344
 0.013050	-0.021402	 68.157578	 1.571668
 0.013063	-0.020320	 71.085403	 1.572079
 0.013075	-0.019016	 74.779663	 1.572574
 0.013088	-0.017494	 79.332916	 1.573156
 0.013100	-0.015760	 84.855995	 1.573820
 0.013113	-0.013822	 91.479881	 1.574567
 0.013125	-0.011691	 99.357513	 1.575392
 0.013138	-0.009379	 108.665237	 1.576292
 0.013150	-0.006902	 119.603493	 1.577263
 0.013163	-0.004276	 132.396576	 1.578299
 0.013175	-0.001519	 147.290726	 1.579394
 0.013188	 0.001348	 164.549988	 1.580540
 0.013200	 0.004303	 184.449188	 1.581730
 0.013213	 0.007323	 207.263138	 1.582956
 0.013225	 0.010383	 233.251419	 1.584207
 0.013238	 0.013459	 262.637939	 1.585474
 0.013250	 0.016523	 295.585419	 1.586746
 0.013263	 0.019549	 332.164246	 1.588011
 0.013275	 0.022509	 372.318054	 1.589257
 0.013288	 0.025377	 415.826385	 1.590473
 0.013300	 0.028125	 462.269318	 1.591646
 0.013313	 0.030727	 510.996857	 1.592763
 0.013325	 0.033155	 561.109680	 1.593812
 0.013338	 0.035386	 611.455750	 1.594781
 0.013350	 0.037396	 660.648682	 1.595657
 0.013363	 0.039161	 707.112061	 1.596431
 0.013375	 0.040661	 749.150269	 1.597091
 0.013388	 0.041876	 785.044495	 1.597627
 0.013400	 0.042790	 813.167053	 1.598032
 0.013413	 0.043388	 832.105957	 1.598297
 0.013425	 0.043658	 840.782959	 1.598416
 0.013438	 0.043589	 838.554871	 1.598386
 0.013450	 0.043174	 825.281799	 1.598202
 0.013463	 0.042410	 801.353088	 1.597863
 0.013475	 0.041295	 767.665833	 1.597371
 0.013488	 0.039830	 725.558411	 1.596725
 0.013500	 0.038019	 676.704773	 1.595930
 0.013513	 0.035871	 622.985413	 1.594992
 0.013525	 0.033397	 566.347290	 1.593916
 0.013538	 0.030608	 508.671814	 1.592712
 0.013550	 0.027523	 451.662201	 1.591388
 0.013563	 0.024159	 396.760315	 1.589956
 0.013575	 0.020540	 345.097870	 1.588427
 0.013588	 0.016689	 297.480530	 1.586815
 0.013600	 0.012633	 254.400467	 1.585133
 0.013613	 0.008401	 216.070969	 1.583396
 0.013625	 0.004024	 182.474289	 1.581618
 0.013638	-0.000465	 153.415283	 1.579814
 0.013650	-0.005033	 128.574768	 1.577999
 0.013663	-0.009644	 107.557518	 1.576189
 0.013675	-0.014262	 89.932381	 1.574397
 0.013688	-0.018850	 75.263580	 1.572638
 0.013700	-0.023370	 63.133049	 1.570925
 0.013713	-0.027787	 53.154980	 1.569271
 0.013725	-0.032062	 44.983967	 1.567689
 0.013738	-0.036160	 38.318172	 1.566190
 0.013750	-0.040045	 32.899109	 1.564784
 0.013763	-0.043683	 28.509098	 1.563481
 0.013775	-0.047041	 24.967560	 1.562290
 0.013788	-0.050089	 22.126678	 1.561219
 0.013800	-0.052798	 19.867094	 1.560275
 0.013813	-0.055141	 18.093836	 1.559464
 0.013825	-0.057094	 16.732779	 1.558792
 0.013838	-0.058638	 15.727628	 1.558264
 0.013850	-0.059753	 15.037566	 1.557884
 0.013863	-0.060426	 14.635508	 1.557655
 0.013875	-0.060645	 14.507012	 1.557581
 0.013888	-0.060402	 14.649827	 1.557663
 0.013900	-0.059693	 15.074143	 1.557904
 0.013913	-0.058518	 15.803589	 1.558305
 0.013925	-0.056880	 16.877073	 1.558866
 0.013938	-0.054787	 18.351665	 1.559586
 0.013950	-0.052248	 20.306686	 1.560466
 0.013963	-0.049279	 22.849298	 1.561503
 0.013975	-0.045898	 26.122002	 1.562694
 0.013988	-0.042127	 30.312357	 1.564037
 0.014000	-0.037989	 35.665504	 1.565526
 0.014013	-0.033515	 42.499905	 1.567156
 0.014025	-0.028734	 51.226746	 1.568919
 0.014038	-0.023682	 62.373241	 1.570808
 0.014050	-0.018393	 76.609634	 1.572812
 0.014063	-0.012908	 94.778984	 1.574920
 0.014075	-0.007267	 117.927879	 1.577120
 0.014088	-0.001512	 147.334351	 1.579396
 0.014100	 0.004314	 184.527481	 1.581735
 0.014113	 0.010165	 231.290359	 1.584118
 0.014125	 0.015996	 289.635651	 1.586526
 0.014138	 0.021762	 361.740540	 1.588941
 0.014150	 0.027417	 449.827362	 1.591343
 0.014163	 0.032917	 555.977112	 1.593709
 0.014175	 0.038217	 681.870422	 1.596017
 0.014188	 0.043274	 828.458008	 1.598246
 0.014200	 0.048048	 995.583313	 1.600373
 0.014213	 0.052498	 1181.594971	 1.602377
 0.014225	 0.056588	 1383.010376	 1.604236
 0.014238	 0.060282	 1594.306396	 1.605930
 0.014250	 0.063550	 1807.916260	 1.607439
 0.014263	 0.066362	 2014.501343	 1.608747
 0.014275	 0.068693	 2203.525391	 1.609836
 0.014288	 0.070521	 2364.111816	 1.610695
 0.014300	 0.071829	 2486.103516	 1.611311
 0.014313	 0.072602	 2561.175537	 1.611676
 0.014325	 0.072831	 2583.834229	 1.611784
 0.014338	 0.072510	 2552.122314	 1.611633
 0.014350	 0.071638	 2467.900879	 1.611221
 0.014363	 0.070217	 2336.647705	 1.610552
 0.014375	 0.068256	 2166.806641	 1.609632
 0.014388	 0.065765	 1968.800415	 1.608469
 0.014400	 0.062761	 1753.887329	 1.607074
 0.014413	 0.059264	 1533.036133	 1.605462
 0.014425	 0.055297	 1315.988159	 1.603648
 0.014438	 0.050888	 1110.611206	 1.601650
 0.014450	 0.046069	 922.579163	 1.599489
 0.014463	 0.040875	 755.358643	 1.597185
 0.014475	 0.035343	 610.433167	 1.594762
 0.014488	 0.029514	 487.675842	 1.592241
 0.014500	 0.023431	 385.785217	 1.589647
 0.014513	 0.017141	 302.710785	 1.587003
 0.014525	 0.010689	 236.021774	 1.584333
 0.014538	 0.004126	 183.194687	 1.581659
 0.014550	-0.002499	 141.813828	 1.579003
 0.014563	-0.009136	 109.694359	 1.576387
 0.014575	-0.015733	 84.942520	 1.573830
 0.014588	-0.022240	 65.970627	 1.571351
 0.014600	-0.028607	 51.482452	 1.568967
 0.014613	-0.034783	 40.442188	 1.566692
 0.014625	-0.040721	 32.036396	 1.564541
 0.014638	-0.046374	 25.635103	 1.562526
 0.014650	-0.051698	 20.755877	 1.560657
 0.014663	-0.056651	 17.032530	 1.558944
 0.014675	-0.061194	 14.189063	 1.557395
 0.014688	-0.065290	 12.018688	 1.556015
 0.014700	-0.068907	 10.367339	 1.554811
 0.014713	-0.072016	 9.120959	 1.553787
 0.014725	-0.074590	 8.195926	 1.552946
 0.014738	-0.076610	 7.531925	 1.552291
 0.014750	-0.078058	 7.086802	 1.551823
 0.014763	-0.078921	 6.832965	 1.551546
 0.014775	-0.079192	 6.755048	 1.551459
 0.014788	-0.078867	 6.848629	 1.551563
 0.014800	-0.077947	 7.119882	 1.551859
 0.014813	-0.076439	 7.586192	 1.552346
 0.014825	-0.074352	 8.277713	 1.553023
 0.014838	-0.071702	 9.240109	 1.553890
 0.014850	-0.068508	 10.538691	 1.554944
 0.014863	-0.064793	 12.264347	 1.556182
 0.014875	-0.060585	 14.541807	 1.557601
 0.014888	-0.055917	 17.540888	 1.559197
 0.014900	-0.050822	 21.491638	 1.560963
 0.014913	-0.045340	 26.704332	 1.562892
 0.014925	-0.039512	 33.595425	 1.564976
 0.014938	-0.033383	 42.720570	 1.567204
 0.014950	-0.026998	 54.815411	 1.569565
 0.014963	-0.020407	 70.844055	 1.572045
 0.014975	-0.013661	 92.054070	 1.574629
 0.014988	-0.006809	 120.033997	 1.577299
 0.015000	 0.000094	 156.766495	 1.580037
 0.015013	 0.006996	 204.665451	 1.582823
 0.015025	 0.013845	 266.579956	 1.585634
 0.015038	 0.020588	 345.742828	 1.588447
 0.015050	 0.027174	 445.637512	 1.591239
 0.015063	 0.033552	 569.757202	 1.593984
 0.015075	 0.039674	 721.236572	 1.596657
 0.015088	 0.045494	 902.353271	 1.599232
 0.015100	 0.050966	 1113.922974	 1.601685
 0.015113	 0.056049	 1354.645508	 1.603990
 0.015125	 0.060706	 1620.505005	 1.606125
 0.015138	 0.064900	 1904.347778	 1.608066
 0.015150	 0.068601	 2195.786865	 1.609794
 0.015163	 0.071781	 2481.551025	 1.611289
 0.015175	 0.074416	 2746.336670	 1.612535
 0.015188	 0.076487	 2974.142822	 1.613520
 0.015200	 0.077980	 3149.922363	 1.614232
 0.015213	 0.078884	 3261.342773	 1.614665
 0.015225	 0.079192	 3300.320068	 1.614813
 0.015238	 0.078905	 3264.080078	 1.614675
 0.015250	 0.078026	 3155.509766	 1.614254
 0.015263	 0.076563	 2982.758057	 1.613556
 0.015275	 0.074528	 2758.144775	 1.612588
 0.015288	 0.071938	 2496.609863	 1.611363
 0.015300	 0.068816	 2213.982910	 1.609894
 0.015313	 0.065185	 1925.355103	 1.608199
 0.015325	 0.061077	 1643.794800	 1.606296
 0.015338	 0.056522	 1379.532349	 1.604206
 0.015350	 0.051559	 1139.636963	 1.601953
 0.015363	 0.046225	 928.120728	 1.599558
 0.015375	 0.040563	 746.351379	 1.597048
 0.015388	 0.034618	 593.634827	 1.594447
 0.015400	 0.028436	 467.844025	 1.591779
 0.015413	 0.022066	 366.001068	 1.589070
 0.015425	 0.015555	 284.757935	 1.586343
 0.015438	 0.008956	 220.752472	 1.583623
 0.015450	 0.002319	 170.844238	 1.580930
 0.015463	-0.004305	 132.247177	 1.578287
 0.015475	-0.010866	 102.584373	 1.575713
 0.015488	-0.017314	 79.889130	 1.573224
 0.015500	-0.023599	 62.573296	 1.570839
 0.015513	-0.029676	 49.379280	 1.568570
 0.015525	-0.035497	 39.326782	 1.566431
 0.015538	-0.041020	 31.661097	 1.564433
 0.015550	-0.046205	 25.806887	 1.562585
 0.015563	-0.051013	 21.328882	 1.560896
 0.015575	-0.055411	 17.899740	 1.559371
 0.015588	-0.059365	 15.274473	 1.558016
 0.015600	-0.062849	 13.270568	 1.556835
 0.015613	-0.065840	 11.752782	 1.555832
 0.015625	-0.068316	 10.621784	 1.555007
 0.015638	-0.070263	 9.805382	 1.554363
 0.015650	-0.071668	 9.252866	 1.553901
 0.015663	-0.072526	 8.930301	 1.553620
 0.015675	-0.072832	 8.817702	 1.553519
 0.015688	-0.072588	 8.907269	 1.553599
 0.015700	-0.071800	 9.202587	 1.553858
 0.015713	-0.070478	 9.718744	 1.554292
 0.015725	-0.068636	 10.483293	 1.554901
 0.015738	-0.066292	 11.538140	 1.555681
 0.015750	-0.063467	 12.942463	 1.556627
 0.015763	-0.060188	 14.776768	 1.557736
 0.015775	-0.056482	 17.148392	 1.559002
 0.015788	-0.052382	 20.198572	 1.560419
 0.015800	-0.047923	 24.111404	 1.561979
 0.015813	-0.043141	 29.124868	 1.563674
 0.015825	-0.038076	 35.543941	 1.565494
 0.015838	-0.032770	 43.755753	 1.567429
 0.015850	-0.027266	 54.246006	 1.569465
 0.015863	-0.021607	 67.615730	 1.571591
 0.015875	-0.015839	 84.596085	 1.573790
 0.015888	-0.010006	 106.058304	 1.576047
 0.015900	-0.004156	 133.014191	 1.578346
 0.015913	 0.001668	 166.601898	 1.580669
 0.015925	 0.007421	 208.050095	 1.582996
 0.015938	 0.013059	 258.614380	 1.585309
 0.015950	 0.018539	 319.480194	 1.587587
 0.015963	 0.023822	 391.630157	 1.589812
 0.015975	 0.028867	 475.678955	 1.591964
 0.015988	 0.033640	 571.686035	 1.594022
 0.016000	 0.038106	 678.965393	 1.595968
 0.016013	 0.042233	 795.920227	 1.597785
 0.016025	 0.045995	 919.936218	 1.599456
 0.016038	 0.049365	 1047.367188	 1.600965
 0.016050	 0.052323	 1173.641724	 1.602298
 0.016063	 0.054849	 1293.504150	 1.603444
 0.016075	 0.056931	 1401.380127	 1.604393
 0.016088	 0.058556	 1491.838013	 1.605137
 0.016100	 0.059718	 1560.086060	 1.605671
 0.016113	 0.060415	 1602.444702	 1.605991
 0.016125	 0.060645	 1616.716675	 1.606097
 0.016138	 0.060414	 1602.401489	 1.605991
 0.016150	 0.059729	 1560.723999	 1.605675
 0.016163	 0.058602	 1494.470215	 1.605158
 0.016175	 0.057047	 1407.669434	 1.604446
 0.016188	 0.055082	 1305.165039	 1.603550
 0.016200	 0.052729	 1192.151733	 1.602482
 0.016213	 0.050011	 1073.732178	 1.601255
 0.016225	 0.046954	 954.550110	 1.599884
 0.016238	 0.043588	 838.531067	 1.598385
 0.016250	 0.039943	 728.736755	 1.596775
 0.016263	 0.036052	 627.331238	 1.595071
 0.016275	 0.031949	 535.631287	 1.593290
 0.016288	 0.027669	 454.219666	 1.591450
 0.016300	 0.023249	 383.088745	 1.589570
 0.016313	 0.018726	 321.794373	 1.587666
 0.016325	 0.014137	 269.599579	 1.585755
 0.016338	 0.009519	 225.599014	 1.583853
 0.016350	 0.004909	 188.817322	 1.581976
 0.016363	 0.000343	 158.282227	 1.580137
 0.016375	-0.004144	 133.073685	 1.578351
 0.016388	-0.008518	 112.353508	 1.576629
 0.016400	-0.012745	 95.380013	 1.574983
 0.016413	-0.016796	 81.511627	 1.573423
 0.016425	-0.020641	 70.203491	 1.571957
 0.016438	-0.024254	 60.999672	 1.570593
 0.016450	-0.027610	 53.523342	 1.569337
 0.016463	-0.030688	 47.466248	 1.568196
 0.016475	-0.033468	 42.578545	 1.567173
 0.016488	-0.035934	 38.659439	 1.566272
 0.016500	-0.038073	 35.549057	 1.565496
 0.016513	-0.039874	 33.121376	 1.564845
 0.016525	-0.041329	 31.278475	 1.564322
 0.016538	-0.042435	 29.945786	 1.563926
 0.016550	-0.043190	 29.068350	 1.563657
 0.016563	-0.043595	 28.607910	 1.563512
 0.016575	-0.043655	 28.540684	 1.563491
 0.016588	-0.043376	 28.855783	 1.563590
 0.016600	-0.042770	 29.554113	 1.563807
 0.016613	-0.041847	 30.647652	 1.564137
 0.016625	-0.040624	 32.159107	 1.564576
 0.016638	-0.039116	 34.121780	 1.565119
 0.016650	-0.037344	 36.579521	 1.565760
 0.016663	-0.035329	 39.586811	 1.566493
 0.016675	-0.033092	 43.208687	 1.567311
 0.016688	-0.030658	 47.520493	 1.568207
 0.016700	-0.028053	 52.607166	 1.569172
 0.016713	-0.025301	 58.562008	 1.570200
 0.016725	-0.022430	 65.484604	 1.571279
 0.016738	-0.019468	 73.477753	 1.572402
 0.016750	-0.016441	 82.643211	 1.573559
 0.016763	-0.013376	 93.076057	 1.574739
 0.016775	-0.010300	 104.857712	 1.575933
 0.016788	-0.007241	 118.047600	 1.577130
 0.016800	-0.004222	 132.673874	 1.578320
 0.016813	-0.001269	 148.723480	 1.579493
 0.016825	 0.001595	 166.132462	 1.580639
 0.016838	 0.004349	 184.777405	 1.581749
 0.016850	 0.006971	 204.468979	 1.582813
 0.016863	 0.009444	 224.948776	 1.583822
 0.016875	 0.011751	 245.890594	 1.584769
 0.016888	 0.013877	 266.906769	 1.585647
 0.016900	 0.015809	 287.559784	 1.586449
 0.016913	 0.017538	 307.379608	 1.587169
 0.016925	 0.019054	 325.884735	 1.587803
 0.016938	 0.020352	 342.606750	 1.588348
 0.016950	 0.021428	 357.115540	 1.588801
 0.016963	 0.022280	 369.043427	 1.589160
 0.016975	 0.022910	 378.105927	 1.589426
 0.016988	 0.023319	 384.117065	 1.589599
 0.017000	 0.023513	 386.998199	 1.589682
 0.017013	 0.023498	 386.779327	 1.589675
 0.017025	 0.023284	 383.593414	 1.589584
 0.017038	 0.022879	 377.664185	 1.589414
 0.017050	 0.022298	 369.289307	 1.589168
 0.017063	 0.021551	 358.820343	 1.588853
 0.017075	 0.020656	 346.641754	 1.588476
 0.017088	 0.019626	 333.150208	 1.588043
 0.017100	 0.018479	 318.736206	 1.587562
 0.017113	 0.017231	 303.768738	 1.587041
 0.017125	 0.015901	 288.583679	 1.586487
 0.017138	 0.014507	 273.475952	 1.585908
 0.017150	 0.013067	 258.695282	 1.585312
 0.017163	 0.011598	 244.445374	 1.584707
 0.017175	 0.010119	 230.885223	 1.584099
 0.017188	 0.008647	 218.132736	 1.583496
 0.017200	 0.007198	 206.269211	 1.582905
 0.017213	 0.005789	 195.344696	 1.582332
 0.017225	 0.004434	 185.383530	 1.581783
 0.017238	 0.003146	 176.389511	 1.581263
 0.017250	 0.001939	 168.350891	 1.580777
 0.017263	 0.000823	 161.244492	 1.580329
 0.017275	-0.000193	 155.039551	 1.579923
 0.017288	-0.001099	 149.700546	 1.579561
 0.017300	-0.001891	 145.189560	 1.579245
 0.017313	-0.002562	 141.468063	 1.578978
 0.017325	-0.003111	 138.498016	 1.578760
 0.017338	-0.003536	 136.242722	 1.578592
 0.017350	-0.003836	 134.667084	 1.578473
 0.017363	-0.004015	 133.737625	 1.578402
 0.017375	-0.004076	 133.422165	 1.578378
 0.017388	-0.004025	 133.689255	 1.578398
 0.017400	-0.003867	 134.507462	 1.578461
 0.017413	-0.003611	 135.844269	 1.578562
 0.017425	-0.003267	 137.665176	 1.578699
 0.017438	-0.002845	 139.932327	 1.578866
 0.017450	-0.002356	 142.603485	 1.579061
 0.017463	-0.001812	 145.630676	 1.579277
 0.017475	-0.001228	 148.959229	 1.579510
 0.017488	-0.000616	 152.526825	 1.579754
 0.017500	 0.000010	 156.262955	 1.580004
 0.017513	 0.000636	 160.088684	 1.580255
 0.017525	 0.001248	 163.917068	 1.580500
 0.017538	 0.001831	 167.653946	 1.580734
 0.017550	 0.002373	 171.199539	 1.580952
 0.017563	 0.002860	 174.450729	 1.581148
 0.017575	 0.003280	 177.303833	 1.581317
 0.017588	 0.003621	 179.658051	 1.581455
 0.017600	 0.003874	 181.419235	 1.581557
 0.017613	 0.004028	 182.503845	 1.581619
 0.017625	 0.004076	 182.842758	 1.581639
 0.017638	 0.004011	 182.384872	 1.581613
 0.017650	 0.003828	 181.099777	 1.581539
 0.017663	 0.003523	 178.979736	 1.581416
 0.017675	 0.003095	 176.040497	 1.581243
 0.017688	 0.002542	 172.320862	 1.581020
 0.017700	 0.001866	 167.881088	 1.580748
 0.017713	 0.001071	 162.800217	 1.580429
 0.017725	 0.000161	 157.172470	 1.580064
 0.017738	-0.000858	 151.103043	 1.579657
 0.017750	-0.001978	 144.703568	 1.579211
 0.017763	-0.003188	 138.087631	 1.578730
 0.017775	-0.004478	 131.366562	 1.578219
 0.017788	-0.005835	 124.645737	 1.577683
 0.017800	-0.007246	 118.021690	 1.577128
 0.017813	-0.008696	 111.580025	 1.576559
 0.017825	-0.010169	 105.394104	 1.575984
 0.017838	-0.011648	 99.524651	 1.575409
 0.017850	-0.013116	 94.019958	 1.574840
 0.017863	-0.014555	 88.916733	 1.574284
 0.017875	-0.015947	 84.241325	 1.573748
 0.017888	-0.017274	 80.011383	 1.573239
 0.017900	-0.018519	 76.237450	 1.572764
 0.017913	-0.019662	 72.924896	 1.572328
 0.017925	-0.020688	 70.075607	 1.571939
 0.017938	-0.021579	 67.689743	 1.571601
 0.017950	-0.022320	 65.767349	 1.571321
 0.017963	-0.022896	 64.309875	 1.571104
 0.017975	-0.023294	 63.321590	 1.570954
 0.017988	-0.023502	 62.810913	 1.570875
 0.018000	-0.023510	 62.791752	 1.570872
 0.018013	-0.023309	 63.284786	 1.570948
 0.018025	-0.022892	 64.318794	 1.571105
 0.018038	-0.022255	 65.932068	 1.571345
 0.018050	-0.021396	 68.173943	 1.571671
 0.018063	-0.020312	 71.106384	 1.572081
 0.018075	-0.019007	 74.805786	 1.572578
 0.018088	-0.017483	 79.364845	 1.573159
 0.018100	-0.015748	 84.894485	 1.573825
 0.018113	-0.013809	 91.525841	 1.574572
 0.018125	-0.011677	 99.411987	 1.575397
 0.018138	-0.009364	 108.729408	 1.576298
 0.018150	-0.006886	 119.678726	 1.577269
 0.018163	-0.004259	 132.484375	 1.578305
 0.018175	-0.001501	 147.392715	 1.579401
 0.018188	 0.001366	 164.667877	 1.580547
 0.018200	 0.004322	 184.584747	 1.581738
 0.018213	 0.007342	 207.418091	 1.582964
 0.018225	 0.010403	 233.427322	 1.584215
 0.018238	 0.013478	 262.836090	 1.585482
 0.018250	 0.016542	 295.806488	 1.586754
 0.018263	 0.019568	 332.408417	 1.588019
 0.018275	 0.022528	 372.584442	 1.589265
 0.018288	 0.025395	 416.113007	 1.590480
 0.018300	 0.028142	 462.572754	 1.591653
 0.018313	 0.030743	 511.312195	 1.592770
 0.018325	 0.033170	 561.430420	 1.593818
 0.018338	 0.035400	 611.773743	 1.594787
 0.018350	 0.037408	 660.954529	 1.595663
 0.018363	 0.039171	 707.395203	 1.596436
 0.018375	 0.040669	 749.399719	 1.597095
 0.018388	 0.041883	 785.249390	 1.597630
 0.018400	 0.042795	 813.317810	 1.598034
 0.018413	 0.043391	 832.194519	 1.598298
 0.018425	 0.043658	 840.803589	 1.598416
 0.018438	 0.043587	 838.505249	 1.598385
 0.018450	 0.043171	 825.162598	 1.598200
 0.018463	 0.042404	 801.168518	 1.597861
 0.018475	 0.041286	 767.423096	 1.597367
 0.018488	 0.039819	 725.267151	 1.596720
 0.018500	 0.038007	 676.376587	 1.595925
 0.018513	 0.035857	 622.632385	 1.594985
 0.018525	 0.033380	 565.981934	 1.593909
 0.018538	 0.030589	 508.305573	 1.592704
 0.018550	 0.027502	 451.305054	 1.591379
 0.018563	 0.024137	 396.420532	 1.589946
 0.018575	 0.020516	 344.781647	 1.588417
 0.018588	 0.016664	 297.191864	 1.586804
 0.018600	 0.012607	 254.141632	 1.585122
 0.018613	 0.008374	 215.842529	 1.583385
 0.018625	 0.003996	 182.275467	 1.581606
 0.018638	-0.000494	 153.244400	 1.579803
 0.018650	-0.005062	 128.429504	 1.577988
 0.018663	-0.009673	 107.435196	 1.576177
 0.018675	-0.014291	 89.830231	 1.574386
 0.018688	-0.018879	 75.178864	 1.572627
 0.018700	-0.023399	 63.063187	 1.570914
 0.018713	-0.027815	 53.097664	 1.569261
 0.018725	-0.032089	 44.937126	 1.567679
 0.018738	-0.036186	 38.280029	 1.566180
 0.018750	-0.040069	 32.868149	 1.564775
 0.018763	-0.043705	 28.484070	 1.563473
 0.018775	-0.047062	 24.947420	 1.562283
 0.018788	-0.050107	 22.110586	 1.561212
 0.018800	-0.052814	 19.854368	 1.560269
 0.018813	-0.055154	 18.083948	 1.559459
 0.018825	-0.057106	 16.725313	 1.558788
 0.018838	-0.058646	 15.722279	 1.558261
 0.018850	-0.059759	 15.034122	 1.557882
 0.018863	-0.060429	 14.633836	 1.557654
 0.018875	-0.060645	 14.507060	 1.557581
 0.018888	-0.060399	 14.651618	 1.557664
 0.018900	-0.059687	 15.077785	 1.557906
 0.018913	-0.058509	 15.809277	 1.558308
 0.018925	-0.056868	 16.885111	 1.558870
 0.018938	-0.054772	 18.362482	 1.559591
 0.018950	-0.052231	 20.320866	 1.560472
 0.018963	-0.049259	 22.867632	 1.561510
 0.018975	-0.045875	 26.145525	 1.562702
 0.018988	-0.042101	 30.342432	 1.564046
 0.019000	-0.037962	 35.703903	 1.565536
 0.019013	-0.033485	 42.548920	 1.567166
 0.019025	-0.028703	 51.289349	 1.568931
 0.019038	-0.023649	 62.453213	 1.570820
 0.019050	-0.018359	 76.711746	 1.572825
 0.019063	-0.012873	 94.909218	 1.574934
 0.019075	-0.007230	 118.093605	 1.577134
 0.019088	-0.001475	 147.544479	 1.579411
 0.019100	 0.004351	 184.792572	 1.581750
 0.019113	 0.010202	 231.622528	 1.584133
 0.019125	 0.016033	 290.048309	 1.586542
 0.019138	 0.021798	 362.247833	 1.588957
 0.019150	 0.027453	 450.443207	 1.591358
 0.019163	 0.032951	 556.713806	 1.593723
 0.019175	 0.038250	 682.736633	 1.596031
 0.019188	 0.043305	 829.456665	 1.598260
 0.019200	 0.048077	 996.709045	 1.600387
 0.019213	 0.052525	 1182.831909	 1.602390
 0.019225	 0.056612	 1384.329834	 1.604247
 0.019238	 0.060304	 1595.666382	 1.605940
 0.019250	 0.063569	 1809.262817	 1.607448
 0.019263	 0.066378	 2015.770630	 1.608754
 0.019275	 0.068706	 2204.647461	 1.609843
 0.019288	 0.070531	 2365.019531	 1.610700
 0.019300	 0.071835	 2486.736572	 1.611314
 0.019313	 0.072605	 2561.489258	 1.611678
 0.019325	 0.072830	 2583.804443	 1.611784
 0.019338	 0.072506	 2551.748535	 1.611631
 0.019350	 0.071630	 2467.207031	 1.611217
 0.019363	 0.070206	 2335.679932	 1.610547
 0.019375	 0.068242	 2165.625000	 1.609625
 0.019388	 0.065748	 1967.475586	 1.608461
 0.019400	 0.062741	 1752.490479	 1.607064
 0.019413	 0.059240	 1531.634399	 1.605451
 0.019425	 0.055270	 1314.638306	 1.603636
 0.019438	 0.050859	 1109.356079	 1.601637
 0.019450	 0.046038	 921.447449	 1.599475
 0.019463	 0.040841	 754.366089	 1.597170
 0.019475	 0.035307	 609.583313	 1.594746
 0.019488	 0.029476	 486.963898	 1.592225
 0.019500	 0.023392	 385.200012	 1.589630
 0.019513	 0.017100	 302.237640	 1.586986
 0.019525	 0.010648	 235.644730	 1.584316
 0.019538	 0.004084	 182.897873	 1.581642
 0.019550	-0.002542	 141.582504	 1.578987
 0.019563	-0.009178	 109.515533	 1.576371
 0.019575	-0.015775	 84.805145	 1.573814
 0.019588	-0.022281	 65.865570	 1.571336
 0.019600	-0.028647	 51.402332	 1.568952
 0.019613	-0.034821	 40.381172	 1.566678
 0.019625	-0.040758	 31.989939	 1.564528
 0.019638	-0.046409	 25.599712	 1.562513
 0.019650	-0.051731	 20.728888	 1.560646
 0.019663	-0.056682	 17.011921	 1.558934
 0.019675	-0.061222	 14.173324	 1.557385
 0.019688	-0.065315	 12.006690	 1.556007
 0.019700	-0.068929	 10.358238	 1.554804
 0.019713	-0.072034	 9.114138	 1.553781
 0.019725	-0.074605	 8.190934	 1.552941
 0.019738	-0.076621	 7.528440	 1.552287
 0.019750	-0.078065	 7.084606	 1.551821
 0.019763	-0.078925	 6.831924	 1.551545
 0.019775	-0.079192	 6.755102	 1.551459
 0.019788	-0.078863	 6.849779	 1.551564
 0.019800	-0.077939	 7.122207	 1.551861
 0.019813	-0.076427	 7.589840	 1.552350
 0.019825	-0.074337	 8.282918	 1.553028
 0.019838	-0.071683	 9.247224	 1.553896
 0.019850	-0.068486	 10.548202	 1.554951
 0.019863	-0.064768	 12.276933	 1.556190
 0.019875	-0.060557	 14.558390	 1.557611
 0.019888	-0.055886	 17.562721	 1.559207
 0.019900	-0.050789	 21.520420	 1.560974
 0.019913	-0.045304	 26.742338	 1.562905
 0.019925	-0.039474	 33.645710	 1.564990
 0.019938	-0.033343	 42.787209	 1.567219
 0.019950	-0.026957	 54.903744	 1.569581
 0.019963	-0.020365	 70.961060	 1.572061
 0.019975	-0.013617	 92.208717	 1.574646
 0.019988	-0.006766	 120.237587	 1.577317
