TBJ_JFET  
Vin = 0.05*sen(2*PI*1000.0*t)
Is = 1.00e-11  Idss = 2.00
Vt = 0.026     Vp   = -2.00
Tensiones de polarización
Vbe = 0.700
Vgs = -0.600
Resolución de ploteo = 400.0 puntos por período

t [s]   	Vin [V] 	Ic [mA] 	Id [mA] 	
 0.000000	 0.000000	 4.926559	 0.980000
 0.000002	 0.000785	 5.077643	 0.981100
 0.000005	 0.001571	 5.233322	 0.982200
 0.000007	 0.002355	 5.393692	 0.983300
 0.000010	 0.003140	 5.558853	 0.984400
 0.000012	 0.003923	 5.728900	 0.985500
 0.000015	 0.004705	 5.903930	 0.986599
 0.000018	 0.005487	 6.084036	 0.987696
 0.000020	 0.006267	 6.269309	 0.988793
 0.000023	 0.007045	 6.459840	 0.989888
 0.000025	 0.007822	 6.655717	 0.990981
 0.000028	 0.008596	 6.857024	 0.992072
 0.000030	 0.009369	 7.063844	 0.993161
 0.000033	 0.010139	 7.276254	 0.994246
 0.000035	 0.010907	 7.494331	 0.995329
 0.000038	 0.011672	 7.718144	 0.996409
 0.000040	 0.012434	 7.947762	 0.997486
 0.000043	 0.013194	 8.183245	 0.998558
 0.000045	 0.013950	 8.424650	 0.999627
 0.000048	 0.014702	 8.672029	 1.000691
 0.000050	 0.015451	 8.925426	 1.001751
 0.000053	 0.016196	 9.184880	 1.002805
 0.000055	 0.016937	 9.450423	 1.003855
 0.000058	 0.017674	 9.722082	 1.004899
 0.000060	 0.018406	 9.999872	 1.005938
 0.000063	 0.019134	 10.283803	 1.006971
 0.000065	 0.019857	 10.573874	 1.007998
 0.000068	 0.020576	 10.870080	 1.009018
 0.000070	 0.021289	 11.172401	 1.010031
 0.000072	 0.021997	 11.480812	 1.011038
 0.000075	 0.022700	 11.795273	 1.012037
 0.000077	 0.023396	 12.115737	 1.013029
 0.000080	 0.024088	 12.442144	 1.014013
 0.000082	 0.024773	 12.774426	 1.014989
 0.000085	 0.025452	 13.112498	 1.015957
 0.000087	 0.026125	 13.456266	 1.016916
 0.000090	 0.026791	 13.805624	 1.017867
 0.000092	 0.027451	 14.160452	 1.018808
 0.000095	 0.028104	 14.520616	 1.019741
 0.000097	 0.028750	 14.885969	 1.020664
 0.000100	 0.029389	 15.256352	 1.021577
 0.000102	 0.030021	 15.631592	 1.022480
 0.000105	 0.030645	 16.011499	 1.023373
 0.000107	 0.031262	 16.395868	 1.024256
 0.000110	 0.031871	 16.784485	 1.025128
 0.000112	 0.032472	 17.177118	 1.025989
 0.000115	 0.033066	 17.573519	 1.026838
 0.000117	 0.033651	 17.973429	 1.027677
 0.000120	 0.034227	 18.376566	 1.028504
 0.000122	 0.034796	 18.782646	 1.029319
 0.000125	 0.035355	 19.191362	 1.030122
 0.000127	 0.035906	 19.602394	 1.030913
 0.000130	 0.036448	 20.015408	 1.031692
 0.000132	 0.036982	 20.430056	 1.032458
 0.000135	 0.037506	 20.845978	 1.033211
 0.000137	 0.038020	 21.262796	 1.033951
 0.000140	 0.038526	 21.680126	 1.034678
 0.000142	 0.039021	 22.097567	 1.035391
 0.000145	 0.039508	 22.514708	 1.036091
 0.000147	 0.039984	 22.931122	 1.036777
 0.000150	 0.040451	 23.346380	 1.037449
 0.000152	 0.040907	 23.760031	 1.038107
 0.000155	 0.041354	 24.171627	 1.038751
 0.000158	 0.041790	 24.580709	 1.039380
 0.000160	 0.042216	 24.986799	 1.039994
 0.000163	 0.042632	 25.389425	 1.040594
 0.000165	 0.043037	 25.788105	 1.041178
 0.000168	 0.043432	 26.182348	 1.041747
 0.000170	 0.043815	 26.571663	 1.042301
 0.000173	 0.044188	 26.955559	 1.042840
 0.000175	 0.044550	 27.333536	 1.043363
 0.000178	 0.044901	 27.705097	 1.043870
 0.000180	 0.045241	 28.069746	 1.044361
 0.000183	 0.045570	 28.426989	 1.044837
 0.000185	 0.045888	 28.776331	 1.045296
 0.000188	 0.046194	 29.117281	 1.045738
 0.000190	 0.046489	 29.449362	 1.046165
 0.000193	 0.046772	 29.772087	 1.046575
 0.000195	 0.047044	 30.084995	 1.046968
 0.000198	 0.047304	 30.387625	 1.047345
 0.000200	 0.047553	 30.679522	 1.047705
 0.000203	 0.047790	 30.960251	 1.048047
 0.000205	 0.048015	 31.229380	 1.048373
 0.000208	 0.048228	 31.486498	 1.048682
 0.000210	 0.048429	 31.731207	 1.048974
 0.000213	 0.048618	 31.963125	 1.049248
 0.000215	 0.048796	 32.181885	 1.049505
 0.000218	 0.048961	 32.387142	 1.049744
 0.000220	 0.049114	 32.578568	 1.049966
 0.000223	 0.049255	 32.755859	 1.050171
 0.000225	 0.049384	 32.918720	 1.050358
 0.000228	 0.049501	 33.066891	 1.050527
 0.000230	 0.049606	 33.200123	 1.050678
 0.000233	 0.049698	 33.318214	 1.050812
 0.000235	 0.049778	 33.420956	 1.050928
 0.000238	 0.049846	 33.508183	 1.051026
 0.000240	 0.049901	 33.579746	 1.051107
 0.000243	 0.049944	 33.635532	 1.051170
 0.000245	 0.049975	 33.675446	 1.051214
 0.000248	 0.049994	 33.699417	 1.051241
 0.000250	 0.050000	 33.707417	 1.051250
 0.000253	 0.049994	 33.699417	 1.051241
 0.000255	 0.049975	 33.675446	 1.051214
 0.000258	 0.049944	 33.635532	 1.051170
 0.000260	 0.049901	 33.579750	 1.051107
 0.000263	 0.049846	 33.508186	 1.051027
 0.000265	 0.049778	 33.420963	 1.050928
 0.000268	 0.049698	 33.318226	 1.050812
 0.000270	 0.049606	 33.200138	 1.050678
 0.000273	 0.049501	 33.066902	 1.050527
 0.000275	 0.049384	 32.918736	 1.050358
 0.000278	 0.049255	 32.755878	 1.050171
 0.000280	 0.049114	 32.578590	 1.049966
 0.000282	 0.048961	 32.387165	 1.049744
 0.000285	 0.048796	 32.181915	 1.049505
 0.000287	 0.048619	 31.963152	 1.049248
 0.000290	 0.048429	 31.731239	 1.048974
 0.000292	 0.048228	 31.486534	 1.048682
 0.000295	 0.048015	 31.229420	 1.048373
 0.000297	 0.047790	 30.960291	 1.048047
 0.000300	 0.047553	 30.679569	 1.047705
 0.000302	 0.047304	 30.387676	 1.047345
 0.000305	 0.047044	 30.085052	 1.046968
 0.000307	 0.046772	 29.772146	 1.046575
 0.000310	 0.046489	 29.449421	 1.046165
 0.000312	 0.046194	 29.117348	 1.045739
 0.000315	 0.045888	 28.776398	 1.045296
 0.000317	 0.045570	 28.427061	 1.044837
 0.000320	 0.045241	 28.069822	 1.044361
 0.000322	 0.044901	 27.705177	 1.043870
 0.000325	 0.044550	 27.333618	 1.043363
 0.000327	 0.044188	 26.955648	 1.042840
 0.000330	 0.043815	 26.571753	 1.042301
 0.000332	 0.043432	 26.182442	 1.041747
 0.000335	 0.043037	 25.788200	 1.041178
 0.000337	 0.042632	 25.389526	 1.040594
 0.000340	 0.042216	 24.986902	 1.039994
 0.000342	 0.041790	 24.580814	 1.039380
 0.000345	 0.041354	 24.171738	 1.038751
 0.000347	 0.040908	 23.760147	 1.038107
 0.000350	 0.040451	 23.346497	 1.037449
 0.000352	 0.039984	 22.931240	 1.036777
 0.000355	 0.039508	 22.514830	 1.036091
 0.000357	 0.039022	 22.097694	 1.035392
 0.000360	 0.038526	 21.680254	 1.034678
 0.000362	 0.038020	 21.262928	 1.033951
 0.000365	 0.037506	 20.846109	 1.033211
 0.000367	 0.036982	 20.430191	 1.032458
 0.000370	 0.036449	 20.015545	 1.031692
 0.000372	 0.035906	 19.602531	 1.030914
 0.000375	 0.035355	 19.191502	 1.030123
 0.000377	 0.034796	 18.782787	 1.029320
 0.000380	 0.034228	 18.376707	 1.028504
 0.000382	 0.033651	 17.973566	 1.027677
 0.000385	 0.033066	 17.573660	 1.026839
 0.000387	 0.032473	 17.177258	 1.025989
 0.000390	 0.031871	 16.784628	 1.025128
 0.000392	 0.031262	 16.396009	 1.024256
 0.000395	 0.030646	 16.011639	 1.023373
 0.000397	 0.030021	 15.631732	 1.022480
 0.000400	 0.029389	 15.256492	 1.021577
 0.000402	 0.028750	 14.886107	 1.020664
 0.000405	 0.028104	 14.520753	 1.019741
 0.000407	 0.027451	 14.160588	 1.018809
 0.000410	 0.026792	 13.805759	 1.017867
 0.000412	 0.026125	 13.456400	 1.016917
 0.000415	 0.025452	 13.112630	 1.015957
 0.000417	 0.024773	 12.774557	 1.014989
 0.000420	 0.024088	 12.442274	 1.014013
 0.000422	 0.023397	 12.115866	 1.013029
 0.000425	 0.022700	 11.795400	 1.012037
 0.000427	 0.021997	 11.480938	 1.011038
 0.000430	 0.021289	 11.172525	 1.010032
 0.000432	 0.020576	 10.870203	 1.009018
 0.000435	 0.019858	 10.573996	 1.007998
 0.000437	 0.019134	 10.283921	 1.006971
 0.000440	 0.018407	 9.999990	 1.005939
 0.000442	 0.017674	 9.722198	 1.004900
 0.000445	 0.016937	 9.450539	 1.003855
 0.000447	 0.016196	 9.184993	 1.002806
 0.000450	 0.015451	 8.925537	 1.001751
 0.000452	 0.014702	 8.672138	 1.000691
 0.000455	 0.013950	 8.424758	 0.999627
 0.000457	 0.013194	 8.183352	 0.998559
 0.000460	 0.012435	 7.947867	 0.997486
 0.000462	 0.011673	 7.718248	 0.996410
 0.000465	 0.010908	 7.494433	 0.995330
 0.000467	 0.010140	 7.276354	 0.994247
 0.000470	 0.009369	 7.063942	 0.993161
 0.000472	 0.008597	 6.857121	 0.992073
 0.000475	 0.007822	 6.655812	 0.990982
 0.000477	 0.007045	 6.459934	 0.989888
 0.000480	 0.006267	 6.269401	 0.988793
 0.000482	 0.005487	 6.084126	 0.987697
 0.000485	 0.004706	 5.904018	 0.986599
 0.000487	 0.003923	 5.728987	 0.985500
 0.000490	 0.003140	 5.558936	 0.984401
 0.000492	 0.002356	 5.393771	 0.983301
 0.000495	 0.001571	 5.233397	 0.982201
 0.000497	 0.000786	 5.077715	 0.981100
 0.000500	 0.000000	 4.926629	 0.980000
 0.000502	-0.000785	 4.780037	 0.978901
 0.000505	-0.001570	 4.637842	 0.977803
 0.000507	-0.002355	 4.499944	 0.976706
 0.000510	-0.003139	 4.366243	 0.975610
 0.000512	-0.003923	 4.236642	 0.974516
 0.000515	-0.004705	 4.111040	 0.973424
 0.000517	-0.005486	 3.989340	 0.972334
 0.000520	-0.006266	 3.871444	 0.971247
 0.000522	-0.007045	 3.757256	 0.970162
 0.000525	-0.007821	 3.646680	 0.969081
 0.000527	-0.008596	 3.539621	 0.968002
 0.000530	-0.009369	 3.435985	 0.966928
 0.000532	-0.010139	 3.335680	 0.965857
 0.000535	-0.010907	 3.238614	 0.964790
 0.000537	-0.011672	 3.144699	 0.963727
 0.000540	-0.012434	 3.053845	 0.962669
 0.000542	-0.013193	 2.965966	 0.961616
 0.000545	-0.013949	 2.880977	 0.960568
 0.000547	-0.014702	 2.798793	 0.959526
 0.000550	-0.015451	 2.719333	 0.958489
 0.000552	-0.016196	 2.642517	 0.957457
 0.000555	-0.016937	 2.568265	 0.956432
 0.000557	-0.017674	 2.496501	 0.955413
 0.000560	-0.018406	 2.427149	 0.954401
 0.000562	-0.019134	 2.360136	 0.953395
 0.000565	-0.019857	 2.295390	 0.952397
 0.000567	-0.020576	 2.232841	 0.951406
 0.000570	-0.021289	 2.172421	 0.950422
 0.000572	-0.021997	 2.114062	 0.949446
 0.000575	-0.022699	 2.057701	 0.948479
 0.000577	-0.023396	 2.003273	 0.947519
 0.000580	-0.024088	 1.950719	 0.946568
 0.000582	-0.024773	 1.899977	 0.945625
 0.000585	-0.025452	 1.850991	 0.944691
 0.000587	-0.026125	 1.803703	 0.943767
 0.000590	-0.026791	 1.758059	 0.942851
 0.000592	-0.027451	 1.714006	 0.941945
 0.000595	-0.028104	 1.671492	 0.941049
 0.000598	-0.028750	 1.630467	 0.940163
 0.000600	-0.029389	 1.590883	 0.939287
 0.000603	-0.030021	 1.552693	 0.938421
 0.000605	-0.030645	 1.515852	 0.937566
 0.000608	-0.031262	 1.480315	 0.936722
 0.000610	-0.031871	 1.446041	 0.935888
 0.000613	-0.032472	 1.412987	 0.935066
 0.000615	-0.033066	 1.381114	 0.934255
 0.000618	-0.033651	 1.350384	 0.933455
 0.000620	-0.034227	 1.320760	 0.932668
 0.000623	-0.034796	 1.292205	 0.931892
 0.000625	-0.035355	 1.264685	 0.931128
 0.000628	-0.035906	 1.238166	 0.930376
 0.000630	-0.036448	 1.212617	 0.929637
 0.000633	-0.036982	 1.188005	 0.928910
 0.000635	-0.037506	 1.164302	 0.928196
 0.000638	-0.038020	 1.141477	 0.927494
 0.000640	-0.038526	 1.119505	 0.926806
 0.000643	-0.039021	 1.098356	 0.926131
 0.000645	-0.039508	 1.078006	 0.925470
 0.000648	-0.039984	 1.058430	 0.924821
 0.000650	-0.040451	 1.039604	 0.924187
 0.000653	-0.040907	 1.021505	 0.923566
 0.000655	-0.041354	 1.004110	 0.922959
 0.000658	-0.041790	 0.987400	 0.922367
 0.000660	-0.042216	 0.971352	 0.921788
 0.000663	-0.042632	 0.955948	 0.921224
 0.000665	-0.043037	 0.941170	 0.920674
 0.000668	-0.043432	 0.926998	 0.920139
 0.000670	-0.043815	 0.913416	 0.919618
 0.000673	-0.044188	 0.900407	 0.919113
 0.000675	-0.044550	 0.887956	 0.918622
 0.000678	-0.044901	 0.876047	 0.918146
 0.000680	-0.045241	 0.864667	 0.917686
 0.000683	-0.045570	 0.853800	 0.917240
 0.000685	-0.045888	 0.843435	 0.916810
 0.000688	-0.046194	 0.833559	 0.916395
 0.000690	-0.046489	 0.824159	 0.915996
 0.000693	-0.046772	 0.815225	 0.915613
 0.000695	-0.047044	 0.806746	 0.915245
 0.000698	-0.047304	 0.798712	 0.914893
 0.000700	-0.047553	 0.791113	 0.914557
 0.000703	-0.047790	 0.783940	 0.914236
 0.000705	-0.048015	 0.777184	 0.913932
 0.000708	-0.048228	 0.770837	 0.913644
 0.000710	-0.048429	 0.764893	 0.913372
 0.000713	-0.048619	 0.759343	 0.913116
 0.000715	-0.048796	 0.754181	 0.912876
 0.000718	-0.048961	 0.749401	 0.912653
 0.000720	-0.049114	 0.744998	 0.912446
 0.000723	-0.049255	 0.740966	 0.912255
 0.000725	-0.049384	 0.737300	 0.912081
 0.000728	-0.049501	 0.733996	 0.911924
 0.000730	-0.049606	 0.731051	 0.911782
 0.000733	-0.049698	 0.728460	 0.911658
 0.000735	-0.049778	 0.726220	 0.911550
 0.000738	-0.049846	 0.724330	 0.911458
 0.000740	-0.049901	 0.722786	 0.911383
 0.000743	-0.049945	 0.721588	 0.911325
 0.000745	-0.049975	 0.720733	 0.911283
 0.000748	-0.049994	 0.720220	 0.911258
 0.000750	-0.050000	 0.720049	 0.911250
 0.000753	-0.049994	 0.720220	 0.911258
 0.000755	-0.049975	 0.720733	 0.911283
 0.000758	-0.049944	 0.721588	 0.911325
 0.000760	-0.049901	 0.722787	 0.911383
 0.000763	-0.049846	 0.724331	 0.911458
 0.000765	-0.049778	 0.726221	 0.911550
 0.000768	-0.049698	 0.728461	 0.911658
 0.000770	-0.049606	 0.731052	 0.911782
 0.000773	-0.049501	 0.733998	 0.911924
 0.000775	-0.049384	 0.737301	 0.912081
 0.000778	-0.049255	 0.740967	 0.912255
 0.000780	-0.049114	 0.745000	 0.912446
 0.000783	-0.048961	 0.749403	 0.912653
 0.000785	-0.048796	 0.754183	 0.912876
 0.000788	-0.048618	 0.759345	 0.913116
 0.000790	-0.048429	 0.764895	 0.913372
 0.000793	-0.048228	 0.770840	 0.913644
 0.000795	-0.048015	 0.777187	 0.913932
 0.000798	-0.047790	 0.783943	 0.914237
 0.000800	-0.047553	 0.791116	 0.914557
 0.000803	-0.047304	 0.798715	 0.914893
 0.000805	-0.047044	 0.806750	 0.915245
 0.000808	-0.046772	 0.815229	 0.915613
 0.000810	-0.046489	 0.824163	 0.915996
 0.000813	-0.046194	 0.833563	 0.916396
 0.000815	-0.045888	 0.843440	 0.916810
 0.000818	-0.045570	 0.853805	 0.917240
 0.000820	-0.045241	 0.864671	 0.917686
 0.000823	-0.044901	 0.876052	 0.918146
 0.000825	-0.044550	 0.887961	 0.918622
 0.000828	-0.044188	 0.900412	 0.919113
 0.000830	-0.043815	 0.913421	 0.919619
 0.000833	-0.043431	 0.927004	 0.920139
 0.000835	-0.043037	 0.941176	 0.920674
 0.000838	-0.042632	 0.955955	 0.921224
 0.000840	-0.042216	 0.971359	 0.921788
 0.000843	-0.041790	 0.987407	 0.922367
 0.000845	-0.041354	 1.004118	 0.922960
 0.000848	-0.040907	 1.021512	 0.923567
 0.000850	-0.040451	 1.039612	 0.924187
 0.000853	-0.039984	 1.058439	 0.924822
 0.000855	-0.039508	 1.078015	 0.925470
 0.000858	-0.039021	 1.098365	 0.926132
 0.000860	-0.038525	 1.119514	 0.926807
 0.000863	-0.038020	 1.141487	 0.927495
 0.000865	-0.037505	 1.164312	 0.928196
 0.000868	-0.036981	 1.188015	 0.928910
 0.000870	-0.036448	 1.212627	 0.929637
 0.000873	-0.035906	 1.238177	 0.930376
 0.000875	-0.035355	 1.264696	 0.931128
 0.000878	-0.034795	 1.292217	 0.931892
 0.000880	-0.034227	 1.320772	 0.932668
 0.000883	-0.033650	 1.350397	 0.933456
 0.000885	-0.033065	 1.381128	 0.934255
 0.000888	-0.032472	 1.413001	 0.935066
 0.000890	-0.031871	 1.446055	 0.935889
 0.000893	-0.031262	 1.480330	 0.936722
 0.000895	-0.030645	 1.515868	 0.937567
 0.000898	-0.030021	 1.552709	 0.938422
 0.000900	-0.029389	 1.590900	 0.939287
 0.000903	-0.028750	 1.630484	 0.940163
 0.000905	-0.028104	 1.671510	 0.941050
 0.000908	-0.027451	 1.714024	 0.941946
 0.000910	-0.026791	 1.758078	 0.942852
 0.000913	-0.026124	 1.803723	 0.943767
 0.000915	-0.025452	 1.851012	 0.944692
 0.000918	-0.024772	 1.899999	 0.945625
 0.000920	-0.024087	 1.950741	 0.946568
 0.000923	-0.023396	 2.003297	 0.947519
 0.000925	-0.022699	 2.057724	 0.948479
 0.000928	-0.021996	 2.114087	 0.949447
 0.000930	-0.021288	 2.172446	 0.950423
 0.000933	-0.020575	 2.232867	 0.951406
 0.000935	-0.019857	 2.295418	 0.952398
 0.000938	-0.019134	 2.360165	 0.953396
 0.000940	-0.018406	 2.427179	 0.954401
 0.000943	-0.017673	 2.496531	 0.955414
 0.000945	-0.016936	 2.568297	 0.956433
 0.000948	-0.016195	 2.642550	 0.957458
 0.000950	-0.015450	 2.719367	 0.958489
 0.000953	-0.014701	 2.798828	 0.959526
 0.000955	-0.013949	 2.881013	 0.960569
 0.000958	-0.013193	 2.966003	 0.961617
 0.000960	-0.012434	 3.053883	 0.962670
 0.000963	-0.011672	 3.144738	 0.963728
 0.000965	-0.010907	 3.238655	 0.964790
 0.000968	-0.010139	 3.335722	 0.965857
 0.000970	-0.009368	 3.436028	 0.966928
 0.000973	-0.008596	 3.539666	 0.968003
 0.000975	-0.007821	 3.646727	 0.969081
 0.000978	-0.007044	 3.757305	 0.970163
 0.000980	-0.006266	 3.871494	 0.971247
 0.000983	-0.005486	 3.989392	 0.972335
 0.000985	-0.004705	 4.111093	 0.973424
 0.000988	-0.003922	 4.236697	 0.974517
 0.000990	-0.003139	 4.366300	 0.975611
 0.000993	-0.002355	 4.500002	 0.976706
 0.000995	-0.001570	 4.637902	 0.977803
 0.000998	-0.000785	 4.780099	 0.978902
 0.001000	 0.000001	 4.926692	 0.980001
 0.001003	 0.000786	 5.077781	 0.981101
 0.001005	 0.001571	 5.233465	 0.982201
 0.001008	 0.002356	 5.393841	 0.983301
 0.001010	 0.003140	 5.559008	 0.984401
 0.001013	 0.003924	 5.729061	 0.985501
 0.001015	 0.004706	 5.904097	 0.986600
 0.001018	 0.005487	 6.084208	 0.987697
 0.001020	 0.006267	 6.269488	 0.988794
 0.001023	 0.007046	 6.460026	 0.989889
 0.001025	 0.007822	 6.655909	 0.990982
 0.001028	 0.008597	 6.857223	 0.992073
 0.001030	 0.009370	 7.064049	 0.993162
 0.001033	 0.010140	 7.276467	 0.994248
 0.001035	 0.010908	 7.494551	 0.995331
 0.001038	 0.011673	 7.718372	 0.996410
 0.001040	 0.012435	 7.947997	 0.997487
 0.001043	 0.013194	 8.183488	 0.998559
 0.001045	 0.013950	 8.424900	 0.999628
 0.001048	 0.014703	 8.672287	 1.000692
 0.001050	 0.015452	 8.925692	 1.001752
 0.001053	 0.016197	 9.185154	 1.002806
 0.001055	 0.016938	 9.450707	 1.003856
 0.001058	 0.017675	 9.722374	 1.004900
 0.001060	 0.018407	 10.000173	 1.005939
 0.001063	 0.019135	 10.284113	 1.006972
 0.001065	 0.019858	 10.574194	 1.007999
 0.001068	 0.020576	 10.870408	 1.009019
 0.001070	 0.021290	 11.172739	 1.010032
 0.001073	 0.021998	 11.481158	 1.011039
 0.001075	 0.022700	 11.795629	 1.012038
 0.001078	 0.023397	 12.116102	 1.013030
 0.001080	 0.024088	 12.442519	 1.014014
 0.001083	 0.024774	 12.774811	 1.014990
 0.001085	 0.025453	 13.112892	 1.015958
 0.001088	 0.026126	 13.456670	 1.016917
 0.001090	 0.026792	 13.806037	 1.017868
 0.001093	 0.027452	 14.160875	 1.018809
 0.001095	 0.028105	 14.521049	 1.019742
 0.001098	 0.028751	 14.886411	 1.020665
 0.001100	 0.029390	 15.256804	 1.021578
 0.001103	 0.030022	 15.632052	 1.022481
 0.001105	 0.030646	 16.011967	 1.023374
 0.001108	 0.031263	 16.396347	 1.024257
 0.001110	 0.031872	 16.784971	 1.025129
 0.001113	 0.032473	 17.177612	 1.025990
 0.001115	 0.033066	 17.574022	 1.026839
 0.001118	 0.033651	 17.973938	 1.027678
 0.001120	 0.034228	 18.377085	 1.028505
 0.001123	 0.034796	 18.783171	 1.029320
 0.001125	 0.035356	 19.191893	 1.030123
 0.001128	 0.035907	 19.602930	 1.030914
 0.001130	 0.036449	 20.015949	 1.031693
 0.001133	 0.036982	 20.430601	 1.032459
 0.001135	 0.037506	 20.846527	 1.033212
 0.001138	 0.038021	 21.263348	 1.033952
 0.001140	 0.038526	 21.680679	 1.034679
 0.001143	 0.039022	 22.098124	 1.035392
 0.001145	 0.039508	 22.515266	 1.036092
 0.001148	 0.039985	 22.931681	 1.036778
 0.001150	 0.040451	 23.346937	 1.037450
 0.001153	 0.040908	 23.760593	 1.038108
 0.001155	 0.041355	 24.172188	 1.038752
 0.001158	 0.041791	 24.581266	 1.039381
 0.001160	 0.042217	 24.987354	 1.039995
 0.001163	 0.042633	 25.389977	 1.040594
 0.001165	 0.043038	 25.788654	 1.041179
 0.001168	 0.043432	 26.182892	 1.041748
 0.001170	 0.043816	 26.572203	 1.042302
 0.001173	 0.044189	 26.956097	 1.042841
 0.001175	 0.044551	 27.334064	 1.043364
 0.001178	 0.044902	 27.705618	 1.043871
 0.001180	 0.045242	 28.070261	 1.044362
 0.001183	 0.045571	 28.427494	 1.044837
 0.001185	 0.045888	 28.776825	 1.045296
 0.001188	 0.046194	 29.117765	 1.045739
 0.001190	 0.046489	 29.449833	 1.046166
 0.001193	 0.046773	 29.772552	 1.046575
 0.001195	 0.047044	 30.085443	 1.046969
 0.001198	 0.047305	 30.388060	 1.047345
 0.001200	 0.047553	 30.679943	 1.047705
 0.001203	 0.047790	 30.960655	 1.048048
 0.001205	 0.048015	 31.229769	 1.048374
 0.001208	 0.048228	 31.486868	 1.048682
 0.001210	 0.048429	 31.731562	 1.048974
 0.001213	 0.048619	 31.963459	 1.049248
 0.001215	 0.048796	 32.182205	 1.049505
 0.001218	 0.048961	 32.387440	 1.049744
 0.001220	 0.049115	 32.578850	 1.049967
 0.001223	 0.049256	 32.756115	 1.050171
 0.001225	 0.049385	 32.918957	 1.050358
 0.001228	 0.049501	 33.067104	 1.050527
 0.001230	 0.049606	 33.200321	 1.050679
 0.001233	 0.049698	 33.318382	 1.050812
 0.001235	 0.049778	 33.421101	 1.050928
 0.001238	 0.049846	 33.508301	 1.051027
 0.001240	 0.049901	 33.579842	 1.051107
 0.001243	 0.049945	 33.635605	 1.051170
 0.001245	 0.049975	 33.675491	 1.051214
 0.001248	 0.049994	 33.699444	 1.051241
 0.001250	 0.050000	 33.707417	 1.051250
 0.001253	 0.049994	 33.699394	 1.051241
 0.001255	 0.049975	 33.675392	 1.051214
 0.001258	 0.049944	 33.635452	 1.051169
 0.001260	 0.049901	 33.579643	 1.051107
 0.001263	 0.049846	 33.508053	 1.051026
 0.001265	 0.049778	 33.420807	 1.050928
 0.001268	 0.049698	 33.318039	 1.050812
 0.001270	 0.049606	 33.199924	 1.050678
 0.001273	 0.049501	 33.066662	 1.050527
 0.001275	 0.049384	 32.918468	 1.050357
 0.001278	 0.049255	 32.755581	 1.050170
 0.001280	 0.049114	 32.578270	 1.049966
 0.001283	 0.048961	 32.386818	 1.049744
 0.001285	 0.048796	 32.181541	 1.049504
 0.001288	 0.048618	 31.962753	 1.049247
 0.001290	 0.048429	 31.730812	 1.048973
 0.001293	 0.048228	 31.486082	 1.048681
 0.001295	 0.048014	 31.228941	 1.048373
 0.001298	 0.047789	 30.959789	 1.048047
 0.001300	 0.047552	 30.679043	 1.047704
 0.001303	 0.047304	 30.387129	 1.047344
 0.001305	 0.047044	 30.084478	 1.046968
 0.001308	 0.046772	 29.771553	 1.046574
 0.001310	 0.046488	 29.448805	 1.046164
 0.001313	 0.046193	 29.116709	 1.045738
 0.001315	 0.045887	 28.775742	 1.045295
 0.001318	 0.045570	 28.426386	 1.044836
 0.001320	 0.045241	 28.069126	 1.044360
 0.001323	 0.044901	 27.704462	 1.043869
 0.001325	 0.044550	 27.332890	 1.043362
 0.001328	 0.044188	 26.954899	 1.042839
 0.001330	 0.043815	 26.570992	 1.042300
 0.001333	 0.043431	 26.181665	 1.041746
 0.001335	 0.043036	 25.787411	 1.041177
 0.001338	 0.042631	 25.388721	 1.040592
 0.001340	 0.042216	 24.986086	 1.039993
 0.001343	 0.041790	 24.579987	 1.039379
 0.001345	 0.041353	 24.170900	 1.038750
 0.001348	 0.040907	 23.759296	 1.038106
 0.001350	 0.040450	 23.345636	 1.037448
 0.001353	 0.039983	 22.930376	 1.036776
 0.001355	 0.039507	 22.513960	 1.036090
 0.001358	 0.039021	 22.096813	 1.035390
 0.001360	 0.038525	 21.679373	 1.034677
 0.001363	 0.038019	 21.262041	 1.033950
 0.001365	 0.037505	 20.845219	 1.033210
 0.001368	 0.036981	 20.429298	 1.032457
 0.001370	 0.036447	 20.014650	 1.031691
 0.001373	 0.035905	 19.601637	 1.030912
 0.001375	 0.035354	 19.190605	 1.030121
 0.001378	 0.034795	 18.781893	 1.029318
 0.001380	 0.034226	 18.375814	 1.028502
 0.001383	 0.033650	 17.972675	 1.027676
 0.001385	 0.033064	 17.572773	 1.026837
 0.001388	 0.032471	 17.176374	 1.025987
 0.001390	 0.031870	 16.783747	 1.025126
 0.001393	 0.031261	 16.395132	 1.024254
 0.001395	 0.030644	 16.010769	 1.023371
 0.001398	 0.030020	 15.630867	 1.022478
 0.001400	 0.029388	 15.255633	 1.021575
 0.001403	 0.028749	 14.885257	 1.020662
 0.001405	 0.028103	 14.519910	 1.019739
 0.001408	 0.027450	 14.159753	 1.018806
 0.001410	 0.026790	 13.804933	 1.017865
 0.001413	 0.026124	 13.455583	 1.016914
 0.001415	 0.025451	 13.111822	 1.015955
 0.001418	 0.024772	 12.773759	 1.014987
 0.001420	 0.024086	 12.441486	 1.014011
 0.001423	 0.023395	 12.115088	 1.013027
 0.001425	 0.022698	 11.794633	 1.012035
 0.001428	 0.021996	 11.480181	 1.011036
 0.001430	 0.021288	 11.171781	 1.010029
 0.001433	 0.020574	 10.869470	 1.009016
 0.001435	 0.019856	 10.573274	 1.007995
 0.001438	 0.019133	 10.283212	 1.006969
 0.001440	 0.018405	 9.999291	 1.005936
 0.001443	 0.017672	 9.721512	 1.004897
 0.001445	 0.016935	 9.449864	 1.003853
 0.001448	 0.016194	 9.184331	 1.002803
 0.001450	 0.015449	 8.924888	 1.001748
 0.001453	 0.014700	 8.671501	 1.000689
 0.001455	 0.013948	 8.424133	 0.999624
 0.001458	 0.013192	 8.182739	 0.998556
 0.001460	 0.012433	 7.947268	 0.997483
 0.001463	 0.011671	 7.717661	 0.996407
 0.001465	 0.010906	 7.493858	 0.995327
 0.001468	 0.010138	 7.275792	 0.994244
 0.001470	 0.009367	 7.063392	 0.993158
 0.001473	 0.008595	 6.856583	 0.992070
 0.001475	 0.007820	 6.655286	 0.990979
 0.001478	 0.007043	 6.459420	 0.989886
 0.001480	 0.006265	 6.268898	 0.988791
 0.001483	 0.005485	 6.083635	 0.987694
 0.001485	 0.004704	 5.903540	 0.986596
 0.001488	 0.003921	 5.728520	 0.985497
 0.001490	 0.003138	 5.558482	 0.984398
 0.001493	 0.002354	 5.393331	 0.983298
 0.001495	 0.001569	 5.232969	 0.982198
 0.001498	 0.000784	 5.077300	 0.981097
 0.001500	-0.000002	 4.926225	 0.979998
 0.001503	-0.000787	 4.779646	 0.978898
 0.001505	-0.001572	 4.637463	 0.977800
 0.001508	-0.002357	 4.499576	 0.976703
 0.001510	-0.003141	 4.365887	 0.975607
 0.001513	-0.003925	 4.236296	 0.974513
 0.001515	-0.004707	 4.110705	 0.973421
 0.001518	-0.005489	 3.989016	 0.972331
 0.001520	-0.006268	 3.871130	 0.971244
 0.001523	-0.007047	 3.756952	 0.970159
 0.001525	-0.007824	 3.646385	 0.969078
 0.001528	-0.008598	 3.539335	 0.967999
 0.001530	-0.009371	 3.435709	 0.966925
 0.001533	-0.010141	 3.335412	 0.965854
 0.001535	-0.010909	 3.238356	 0.964787
 0.001538	-0.011674	 3.144449	 0.963724
 0.001540	-0.012436	 3.053603	 0.962667
 0.001543	-0.013195	 2.965732	 0.961613
 0.001545	-0.013951	 2.880751	 0.960565
 0.001548	-0.014704	 2.798574	 0.959523
 0.001550	-0.015453	 2.719122	 0.958486
 0.001553	-0.016198	 2.642313	 0.957455
 0.001555	-0.016939	 2.568068	 0.956429
 0.001558	-0.017676	 2.496310	 0.955410
 0.001560	-0.018408	 2.426965	 0.954398
 0.001563	-0.019136	 2.359958	 0.953393
 0.001565	-0.019859	 2.295218	 0.952394
 0.001568	-0.020577	 2.232675	 0.951403
 0.001570	-0.021291	 2.172260	 0.950420
 0.001573	-0.021999	 2.113907	 0.949444
 0.001575	-0.022701	 2.057551	 0.948476
 0.001578	-0.023398	 2.003129	 0.947516
 0.001580	-0.024089	 1.950579	 0.946565
 0.001583	-0.024775	 1.899843	 0.945622
 0.001585	-0.025454	 1.850861	 0.944689
 0.001588	-0.026127	 1.803577	 0.943764
 0.001590	-0.026793	 1.757938	 0.942849
 0.001593	-0.027453	 1.713889	 0.941943
 0.001595	-0.028106	 1.671379	 0.941047
 0.001598	-0.028752	 1.630358	 0.940161
 0.001600	-0.029391	 1.590778	 0.939285
 0.001603	-0.030023	 1.552592	 0.938419
 0.001605	-0.030647	 1.515754	 0.937564
 0.001608	-0.031264	 1.480221	 0.936720
 0.001610	-0.031873	 1.445950	 0.935886
 0.001613	-0.032474	 1.412899	 0.935064
 0.001615	-0.033067	 1.381030	 0.934253
 0.001618	-0.033652	 1.350303	 0.933453
 0.001620	-0.034229	 1.320681	 0.932665
 0.001623	-0.034797	 1.292129	 0.931889
 0.001625	-0.035357	 1.264611	 0.931126
 0.001628	-0.035908	 1.238096	 0.930374
 0.001630	-0.036450	 1.212549	 0.929635
 0.001633	-0.036983	 1.187940	 0.928908
 0.001635	-0.037507	 1.164239	 0.928194
 0.001638	-0.038022	 1.141417	 0.927493
 0.001640	-0.038527	 1.119446	 0.926804
 0.001643	-0.039023	 1.098300	 0.926129
 0.001645	-0.039509	 1.077952	 0.925468
 0.001648	-0.039985	 1.058378	 0.924820
 0.001650	-0.040452	 1.039554	 0.924185
 0.001653	-0.040909	 1.021457	 0.923565
 0.001655	-0.041355	 1.004064	 0.922958
 0.001658	-0.041792	 0.987355	 0.922365
 0.001660	-0.042218	 0.971310	 0.921787
 0.001663	-0.042633	 0.955908	 0.921222
 0.001665	-0.043038	 0.941130	 0.920673
 0.001668	-0.043433	 0.926960	 0.920138
 0.001670	-0.043816	 0.913380	 0.919617
 0.001673	-0.044189	 0.900373	 0.919111
 0.001675	-0.044551	 0.887923	 0.918621
 0.001678	-0.044902	 0.876016	 0.918145
 0.001680	-0.045242	 0.864636	 0.917684
 0.001683	-0.045571	 0.853772	 0.917239
 0.001685	-0.045889	 0.843408	 0.916809
 0.001688	-0.046195	 0.833533	 0.916394
 0.001690	-0.046490	 0.824135	 0.915995
 0.001693	-0.046773	 0.815202	 0.915612
 0.001695	-0.047045	 0.806724	 0.915244
 0.001698	-0.047305	 0.798691	 0.914892
 0.001700	-0.047554	 0.791093	 0.914556
 0.001703	-0.047790	 0.783921	 0.914236
 0.001705	-0.048015	 0.777166	 0.913931
 0.001708	-0.048228	 0.770821	 0.913643
 0.001710	-0.048430	 0.764877	 0.913371
 0.001713	-0.048619	 0.759328	 0.913115
 0.001715	-0.048796	 0.754168	 0.912876
 0.001718	-0.048962	 0.749389	 0.912652
 0.001720	-0.049115	 0.744986	 0.912445
 0.001723	-0.049256	 0.740955	 0.912255
 0.001725	-0.049385	 0.737291	 0.912081
 0.001728	-0.049502	 0.733988	 0.911923
 0.001730	-0.049606	 0.731043	 0.911782
 0.001733	-0.049698	 0.728453	 0.911657
 0.001735	-0.049778	 0.726215	 0.911549
 0.001738	-0.049846	 0.724325	 0.911458
 0.001740	-0.049901	 0.722783	 0.911383
 0.001743	-0.049945	 0.721585	 0.911325
 0.001745	-0.049975	 0.720731	 0.911283
 0.001748	-0.049994	 0.720219	 0.911258
 0.001750	-0.050000	 0.720049	 0.911250
 0.001753	-0.049994	 0.720221	 0.911258
 0.001755	-0.049975	 0.720735	 0.911283
 0.001758	-0.049944	 0.721591	 0.911325
 0.001760	-0.049901	 0.722791	 0.911383
 0.001763	-0.049846	 0.724335	 0.911458
 0.001765	-0.049778	 0.726227	 0.911550
 0.001768	-0.049698	 0.728467	 0.911658
 0.001770	-0.049605	 0.731059	 0.911783
 0.001773	-0.049501	 0.734006	 0.911924
 0.001775	-0.049384	 0.737311	 0.912082
 0.001778	-0.049255	 0.740978	 0.912256
 0.001780	-0.049114	 0.745011	 0.912447
 0.001783	-0.048961	 0.749416	 0.912654
 0.001785	-0.048795	 0.754197	 0.912877
 0.001788	-0.048618	 0.759360	 0.913117
 0.001790	-0.048429	 0.764911	 0.913373
 0.001793	-0.048227	 0.770856	 0.913645
 0.001795	-0.048014	 0.777204	 0.913933
 0.001798	-0.047789	 0.783961	 0.914237
 0.001800	-0.047552	 0.791136	 0.914558
 0.001803	-0.047303	 0.798737	 0.914894
 0.001805	-0.047043	 0.806772	 0.915246
 0.001808	-0.046771	 0.815253	 0.915614
 0.001810	-0.046488	 0.824188	 0.915997
 0.001813	-0.046193	 0.833589	 0.916397
 0.001815	-0.045887	 0.843467	 0.916811
 0.001818	-0.045569	 0.853833	 0.917241
 0.001820	-0.045240	 0.864701	 0.917687
 0.001823	-0.044900	 0.876084	 0.918148
 0.001825	-0.044549	 0.887994	 0.918623
 0.001828	-0.044187	 0.900447	 0.919114
 0.001830	-0.043814	 0.913457	 0.919620
 0.001833	-0.043430	 0.927041	 0.920141
 0.001835	-0.043036	 0.941215	 0.920676
 0.001838	-0.042631	 0.955996	 0.921226
 0.001840	-0.042215	 0.971402	 0.921790
 0.001843	-0.041789	 0.987451	 0.922369
 0.001845	-0.041353	 1.004164	 0.922961
 0.001848	-0.040906	 1.021561	 0.923568
 0.001850	-0.040449	 1.039662	 0.924189
 0.001853	-0.039983	 1.058490	 0.924824
 0.001855	-0.039506	 1.078069	 0.925472
 0.001858	-0.039020	 1.098421	 0.926133
 0.001860	-0.038524	 1.119572	 0.926808
 0.001863	-0.038019	 1.141548	 0.927497
 0.001865	-0.037504	 1.164375	 0.928198
 0.001868	-0.036980	 1.188081	 0.928912
 0.001870	-0.036447	 1.212695	 0.929639
 0.001873	-0.035905	 1.238248	 0.930378
 0.001875	-0.035354	 1.264769	 0.931130
 0.001878	-0.034794	 1.292293	 0.931894
 0.001880	-0.034225	 1.320851	 0.932670
 0.001883	-0.033649	 1.350479	 0.933458
 0.001885	-0.033064	 1.381213	 0.934258
 0.001888	-0.032470	 1.413089	 0.935069
 0.001890	-0.031869	 1.446146	 0.935891
 0.001893	-0.031260	 1.480425	 0.936724
 0.001895	-0.030643	 1.515966	 0.937569
 0.001898	-0.030019	 1.552811	 0.938424
 0.001900	-0.029387	 1.591005	 0.939290
 0.001903	-0.028748	 1.630593	 0.940166
 0.001905	-0.028102	 1.671623	 0.941052
 0.001908	-0.027449	 1.714141	 0.941948
 0.001910	-0.026789	 1.758200	 0.942854
 0.001913	-0.026123	 1.803849	 0.943769
 0.001915	-0.025450	 1.851142	 0.944694
 0.001918	-0.024771	 1.900134	 0.945628
 0.001920	-0.024085	 1.950881	 0.946571
 0.001923	-0.023394	 2.003441	 0.947522
 0.001925	-0.022697	 2.057874	 0.948482
 0.001928	-0.021995	 2.114242	 0.949449
 0.001930	-0.021287	 2.172607	 0.950425
 0.001933	-0.020573	 2.233034	 0.951409
 0.001935	-0.019855	 2.295590	 0.952400
 0.001938	-0.019132	 2.360343	 0.953399
 0.001940	-0.018404	 2.427363	 0.954404
 0.001943	-0.017671	 2.496722	 0.955416
 0.001945	-0.016934	 2.568494	 0.956435
 0.001948	-0.016193	 2.642754	 0.957460
 0.001950	-0.015448	 2.719579	 0.958492
 0.001953	-0.014699	 2.799047	 0.959529
 0.001955	-0.013947	 2.881235	 0.960572
 0.001958	-0.013191	 2.966229	 0.961619
 0.001960	-0.012432	 3.054113	 0.962673
 0.001963	-0.011670	 3.144971	 0.963730
 0.001965	-0.010905	 3.238891	 0.964793
 0.001968	-0.010137	 3.335962	 0.965860
 0.001970	-0.009367	 3.436271	 0.966931
 0.001973	-0.008594	 3.539912	 0.968005
 0.001975	-0.007819	 3.646976	 0.969084
 0.001978	-0.007043	 3.757557	 0.970165
 0.001980	-0.006264	 3.871749	 0.971250
 0.001983	-0.005484	 3.989649	 0.972337
 0.001985	-0.004703	 4.111353	 0.973427
 0.001988	-0.003921	 4.236959	 0.974519
 0.001990	-0.003137	 4.366565	 0.975613
 0.001993	-0.002353	 4.500268	 0.976708
 0.001995	-0.001568	 4.638170	 0.977806
 0.001998	-0.000783	 4.780369	 0.978904
 0.002000	 0.000002	 4.926964	 0.980003
 0.002003	 0.000787	 5.078054	 0.981103
 0.002005	 0.001573	 5.233738	 0.982203
 0.002008	 0.002357	 5.394115	 0.983303
 0.002010	 0.003142	 5.559282	 0.984403
 0.002013	 0.003925	 5.729335	 0.985503
 0.002015	 0.004707	 5.904371	 0.986601
 0.002018	 0.005489	 6.084482	 0.987699
 0.002020	 0.006269	 6.269761	 0.988796
 0.002023	 0.007047	 6.460297	 0.989890
 0.002025	 0.007824	 6.656178	 0.990984
 0.002028	 0.008598	 6.857491	 0.992074
 0.002030	 0.009371	 7.064314	 0.993163
 0.002033	 0.010141	 7.276729	 0.994249
 0.002035	 0.010909	 7.494810	 0.995332
 0.002038	 0.011674	 7.718627	 0.996412
 0.002040	 0.012436	 7.948247	 0.997488
 0.002043	 0.013195	 8.183734	 0.998560
 0.002045	 0.013951	 8.425141	 0.999629
 0.002048	 0.014703	 8.672522	 1.000693
 0.002050	 0.015452	 8.925920	 1.001753
 0.002053	 0.016197	 9.185377	 1.002807
 0.002055	 0.016938	 9.450922	 1.003857
 0.002058	 0.017675	 9.722581	 1.004901
 0.002060	 0.018408	 10.000371	 1.005940
 0.002063	 0.019135	 10.284301	 1.006973
 0.002065	 0.019859	 10.574373	 1.007999
 0.002068	 0.020577	 10.870578	 1.009019
 0.002070	 0.021290	 11.172898	 1.010033
 0.002073	 0.021998	 11.481305	 1.011039
 0.002075	 0.022701	 11.795764	 1.012038
 0.002078	 0.023398	 12.116225	 1.013030
 0.002080	 0.024089	 12.442629	 1.014014
 0.002083	 0.024774	 12.774907	 1.014990
 0.002085	 0.025453	 13.112974	 1.015958
 0.002088	 0.026126	 13.456737	 1.016917
 0.002090	 0.026792	 13.806089	 1.017868
 0.002093	 0.027452	 14.160911	 1.018810
 0.002095	 0.028105	 14.521068	 1.019742
 0.002098	 0.028751	 14.886414	 1.020665
 0.002100	 0.029390	 15.256789	 1.021578
 0.002103	 0.030022	 15.632020	 1.022481
 0.002105	 0.030646	 16.011917	 1.023374
 0.002108	 0.031263	 16.396276	 1.024256
 0.002110	 0.031872	 16.784885	 1.025128
 0.002113	 0.032473	 17.177504	 1.025989
 0.002115	 0.033066	 17.573893	 1.026839
 0.002118	 0.033651	 17.973791	 1.027678
 0.002120	 0.034228	 18.376915	 1.028505
 0.002123	 0.034796	 18.782984	 1.029320
 0.002125	 0.035356	 19.191687	 1.030123
 0.002128	 0.035907	 19.602703	 1.030914
 0.002130	 0.036449	 20.015699	 1.031693
 0.002133	 0.036982	 20.430332	 1.032458
 0.002135	 0.037506	 20.846237	 1.033212
 0.002138	 0.038021	 21.263041	 1.033952
 0.002140	 0.038526	 21.680353	 1.034678
 0.002143	 0.039022	 22.097776	 1.035392
 0.002145	 0.039508	 22.514900	 1.036092
 0.002148	 0.039984	 22.931297	 1.036777
 0.002150	 0.040451	 23.346537	 1.037450
 0.002153	 0.040908	 23.760170	 1.038107
 0.002155	 0.041354	 24.171753	 1.038751
 0.002158	 0.041790	 24.580814	 1.039380
 0.002160	 0.042216	 24.986889	 1.039994
 0.002163	 0.042632	 25.389498	 1.040594
 0.002165	 0.043037	 25.788157	 1.041178
 0.002168	 0.043432	 26.182384	 1.041747
 0.002170	 0.043815	 26.571686	 1.042301
 0.002173	 0.044188	 26.955563	 1.042840
 0.002175	 0.044550	 27.333525	 1.043363
 0.002178	 0.044901	 27.705074	 1.043870
 0.002180	 0.045241	 28.069710	 1.044361
 0.002183	 0.045570	 28.426935	 1.044836
 0.002185	 0.045888	 28.776264	 1.045296
 0.002188	 0.046194	 29.117203	 1.045738
 0.002190	 0.046489	 29.449272	 1.046165
 0.002193	 0.046772	 29.771988	 1.046575
 0.002195	 0.047044	 30.084888	 1.046968
 0.002198	 0.047304	 30.387506	 1.047345
 0.002200	 0.047553	 30.679398	 1.047704
 0.002203	 0.047790	 30.960117	 1.048047
 0.002205	 0.048015	 31.229240	 1.048373
 0.002208	 0.048228	 31.486357	 1.048682
 0.002210	 0.048429	 31.731062	 1.048973
 0.002213	 0.048618	 31.962978	 1.049248
 0.002215	 0.048796	 32.181744	 1.049505
 0.002218	 0.048961	 32.387001	 1.049744
 0.002220	 0.049114	 32.578426	 1.049966
 0.002222	 0.049255	 32.755722	 1.050171
 0.002225	 0.049384	 32.918587	 1.050357
 0.002227	 0.049501	 33.066765	 1.050527
 0.002230	 0.049606	 33.200012	 1.050678
 0.002232	 0.049698	 33.318108	 1.050812
 0.002235	 0.049778	 33.420856	 1.050928
 0.002237	 0.049846	 33.508095	 1.051026
 0.002240	 0.049901	 33.579674	 1.051107
 0.002242	 0.049944	 33.635479	 1.051170
 0.002245	 0.049975	 33.675404	 1.051214
 0.002247	 0.049994	 33.699398	 1.051241
 0.002250	 0.050000	 33.707417	 1.051250
 0.002252	 0.049994	 33.699436	 1.051241
 0.002255	 0.049975	 33.675488	 1.051214
 0.002257	 0.049945	 33.635597	 1.051170
 0.002260	 0.049901	 33.579838	 1.051107
 0.002262	 0.049846	 33.508297	 1.051027
 0.002265	 0.049778	 33.421097	 1.050928
 0.002267	 0.049698	 33.318386	 1.050812
 0.002270	 0.049606	 33.200329	 1.050679
 0.002272	 0.049501	 33.067123	 1.050527
 0.002275	 0.049385	 32.918980	 1.050358
 0.002277	 0.049256	 32.756149	 1.050171
 0.002280	 0.049115	 32.578896	 1.049967
 0.002282	 0.048961	 32.387501	 1.049745
 0.002285	 0.048796	 32.182278	 1.049505
 0.002287	 0.048619	 31.963551	 1.049248
 0.002290	 0.048430	 31.731667	 1.048974
 0.002292	 0.048228	 31.486994	 1.048683
 0.002295	 0.048015	 31.229906	 1.048374
 0.002297	 0.047790	 30.960814	 1.048048
 0.002300	 0.047553	 30.680124	 1.047705
 0.002302	 0.047305	 30.388260	 1.047346
 0.002305	 0.047045	 30.085669	 1.046969
 0.002307	 0.046773	 29.772795	 1.046576
 0.002310	 0.046489	 29.450100	 1.046166
 0.002312	 0.046195	 29.118053	 1.045740
 0.002315	 0.045888	 28.777140	 1.045297
 0.002317	 0.045571	 28.427832	 1.044838
 0.002320	 0.045242	 28.070623	 1.044362
 0.002322	 0.044902	 27.706003	 1.043871
 0.002325	 0.044551	 27.334473	 1.043364
 0.002327	 0.044189	 26.956528	 1.042841
 0.002330	 0.043816	 26.572664	 1.042303
 0.002332	 0.043433	 26.183376	 1.041749
 0.002335	 0.043038	 25.789162	 1.041180
 0.002337	 0.042633	 25.390509	 1.040595
 0.002340	 0.042218	 24.987909	 1.039996
 0.002342	 0.041792	 24.581842	 1.039381
 0.002345	 0.041355	 24.172791	 1.038752
 0.002347	 0.040909	 23.761215	 1.038109
 0.002350	 0.040452	 23.347584	 1.037451
 0.002352	 0.039986	 22.932348	 1.036779
 0.002355	 0.039509	 22.515953	 1.036093
 0.002357	 0.039023	 22.098833	 1.035394
 0.002360	 0.038527	 21.681410	 1.034680
 0.002362	 0.038022	 21.264095	 1.033953
 0.002365	 0.037507	 20.847292	 1.033213
 0.002367	 0.036983	 20.431383	 1.032460
 0.002370	 0.036450	 20.016747	 1.031695
 0.002372	 0.035908	 19.603745	 1.030916
 0.002375	 0.035357	 19.192722	 1.030125
 0.002377	 0.034797	 18.784014	 1.029322
 0.002380	 0.034229	 18.377939	 1.028507
 0.002382	 0.033653	 17.974806	 1.027680
 0.002385	 0.033068	 17.574900	 1.026841
 0.002387	 0.032474	 17.178503	 1.025992
 0.002390	 0.031873	 16.785872	 1.025131
 0.002392	 0.031264	 16.397255	 1.024259
 0.002395	 0.030648	 16.012884	 1.023376
 0.002397	 0.030023	 15.632975	 1.022483
 0.002400	 0.029392	 15.257732	 1.021580
 0.002402	 0.028753	 14.887344	 1.020667
 0.002405	 0.028107	 14.521985	 1.019744
 0.002407	 0.027454	 14.161815	 1.018812
 0.002410	 0.026794	 13.806980	 1.017870
 0.002412	 0.026128	 13.457614	 1.016920
 0.002415	 0.025455	 13.113836	 1.015961
 0.002417	 0.024776	 12.775754	 1.014993
 0.002420	 0.024090	 12.443462	 1.014017
 0.002422	 0.023399	 12.117043	 1.013033
 0.002425	 0.022702	 11.796567	 1.012041
 0.002427	 0.022000	 11.482094	 1.011042
 0.002430	 0.021292	 11.173670	 1.010035
 0.002432	 0.020579	 10.871335	 1.009022
 0.002435	 0.019860	 10.575114	 1.008002
 0.002437	 0.019137	 10.285028	 1.006975
 0.002440	 0.018409	 10.001081	 1.005943
 0.002442	 0.017677	 9.723276	 1.004904
 0.002445	 0.016940	 9.451601	 1.003860
 0.002447	 0.016199	 9.186041	 1.002810
 0.002450	 0.015454	 8.926569	 1.001755
 0.002452	 0.014705	 8.673155	 1.000696
 0.002455	 0.013953	 8.425759	 0.999632
 0.002457	 0.013197	 8.184337	 0.998563
 0.002460	 0.012438	 7.948836	 0.997491
 0.002462	 0.011676	 7.719201	 0.996414
 0.002465	 0.010911	 7.495368	 0.995335
 0.002467	 0.010143	 7.277274	 0.994252
 0.002470	 0.009373	 7.064845	 0.993166
 0.002472	 0.008600	 6.858006	 0.992077
 0.002475	 0.007825	 6.656681	 0.990986
 0.002477	 0.007049	 6.460786	 0.989893
 0.002480	 0.006270	 6.270236	 0.988798
 0.002482	 0.005491	 6.084944	 0.987702
 0.002485	 0.004709	 5.904820	 0.986604
 0.002487	 0.003927	 5.729772	 0.985505
 0.002490	 0.003144	 5.559706	 0.984406
 0.002492	 0.002359	 5.394526	 0.983306
 0.002495	 0.001575	 5.234138	 0.982206
 0.002497	 0.000789	 5.078442	 0.981106
 0.002500	 0.000004	 4.927340	 0.980006
 0.002502	-0.000781	 4.780734	 0.978907
 0.002505	-0.001566	 4.638525	 0.977808
 0.002507	-0.002351	 4.500612	 0.976711
 0.002510	-0.003135	 4.366898	 0.975616
 0.002512	-0.003919	 4.237282	 0.974522
 0.002515	-0.004701	 4.111666	 0.973429
 0.002517	-0.005482	 3.989952	 0.972340
 0.002520	-0.006262	 3.872043	 0.971252
 0.002522	-0.007041	 3.757841	 0.970168
 0.002525	-0.007817	 3.647251	 0.969086
 0.002527	-0.008592	 3.540178	 0.968008
 0.002530	-0.009365	 3.436529	 0.966933
 0.002532	-0.010135	 3.336211	 0.965862
 0.002535	-0.010903	 3.239133	 0.964796
 0.002537	-0.011668	 3.145205	 0.963733
 0.002540	-0.012430	 3.054339	 0.962675
 0.002542	-0.013189	 2.966448	 0.961622
 0.002545	-0.013945	 2.881447	 0.960574
 0.002547	-0.014698	 2.799251	 0.959531
 0.002550	-0.015446	 2.719780	 0.958494
 0.002552	-0.016191	 2.642952	 0.957463
 0.002555	-0.016932	 2.568689	 0.956438
 0.002557	-0.017669	 2.496914	 0.955419
 0.002560	-0.018402	 2.427552	 0.954407
 0.002562	-0.019130	 2.360528	 0.953401
 0.002565	-0.019853	 2.295772	 0.952403
 0.002567	-0.020571	 2.233212	 0.951412
 0.002570	-0.021284	 2.172782	 0.950428
 0.002572	-0.021992	 2.114414	 0.949452
 0.002575	-0.022695	 2.058043	 0.948484
 0.002577	-0.023392	 2.003607	 0.947525
 0.002580	-0.024083	 1.951043	 0.946573
 0.002582	-0.024768	 1.900293	 0.945631
 0.002585	-0.025448	 1.851297	 0.944697
 0.002587	-0.026120	 1.804001	 0.943772
 0.002590	-0.026787	 1.758349	 0.942857
 0.002592	-0.027447	 1.714287	 0.941951
 0.002595	-0.028100	 1.671765	 0.941055
 0.002597	-0.028746	 1.630733	 0.940169
 0.002600	-0.029385	 1.591142	 0.939293
 0.002602	-0.030017	 1.552944	 0.938427
 0.002605	-0.030641	 1.516096	 0.937572
 0.002607	-0.031258	 1.480552	 0.936728
 0.002610	-0.031867	 1.446271	 0.935894
 0.002612	-0.032468	 1.413210	 0.935072
 0.002615	-0.033061	 1.381331	 0.934261
 0.002617	-0.033646	 1.350595	 0.933461
 0.002620	-0.034223	 1.320964	 0.932673
 0.002622	-0.034792	 1.292403	 0.931897
 0.002625	-0.035351	 1.264877	 0.931133
 0.002627	-0.035902	 1.238352	 0.930381
 0.002630	-0.036445	 1.212797	 0.929642
 0.002632	-0.036978	 1.188180	 0.928915
 0.002635	-0.037502	 1.164472	 0.928201
 0.002637	-0.038017	 1.141642	 0.927500
 0.002640	-0.038522	 1.119664	 0.926811
 0.002642	-0.039018	 1.098511	 0.926136
 0.002645	-0.039504	 1.078156	 0.925475
 0.002647	-0.039981	 1.058575	 0.924826
 0.002650	-0.040447	 1.039744	 0.924192
 0.002652	-0.040904	 1.021640	 0.923571
 0.002655	-0.041351	 1.004241	 0.922964
 0.002657	-0.041787	 0.987526	 0.922371
 0.002660	-0.042213	 0.971474	 0.921793
 0.002662	-0.042629	 0.956066	 0.921228
 0.002665	-0.043034	 0.941283	 0.920678
 0.002667	-0.043428	 0.927107	 0.920143
 0.002670	-0.043812	 0.913521	 0.919622
 0.002672	-0.044185	 0.900509	 0.919117
 0.002675	-0.044547	 0.888054	 0.918626
 0.002677	-0.044899	 0.876141	 0.918150
 0.002680	-0.045239	 0.864757	 0.917689
 0.002682	-0.045568	 0.853887	 0.917244
 0.002685	-0.045885	 0.843518	 0.916813
 0.002687	-0.046192	 0.833639	 0.916399
 0.002690	-0.046486	 0.824236	 0.915999
 0.002692	-0.046770	 0.815298	 0.915616
 0.002695	-0.047042	 0.806816	 0.915248
 0.002697	-0.047302	 0.798778	 0.914896
 0.002700	-0.047551	 0.791176	 0.914559
 0.002702	-0.047788	 0.783999	 0.914239
 0.002705	-0.048013	 0.777240	 0.913935
 0.002707	-0.048226	 0.770890	 0.913646
 0.002710	-0.048427	 0.764943	 0.913374
 0.002712	-0.048617	 0.759390	 0.913118
 0.002715	-0.048794	 0.754225	 0.912878
 0.002717	-0.048960	 0.749442	 0.912655
 0.002720	-0.049113	 0.745035	 0.912448
 0.002722	-0.049254	 0.741000	 0.912257
 0.002725	-0.049383	 0.737331	 0.912083
 0.002727	-0.049500	 0.734024	 0.911925
 0.002730	-0.049605	 0.731076	 0.911784
 0.002732	-0.049697	 0.728482	 0.911659
 0.002735	-0.049777	 0.726239	 0.911550
 0.002737	-0.049845	 0.724346	 0.911459
 0.002740	-0.049901	 0.722799	 0.911384
 0.002742	-0.049944	 0.721597	 0.911325
 0.002745	-0.049975	 0.720739	 0.911284
 0.002747	-0.049994	 0.720223	 0.911258
 0.002750	-0.050000	 0.720049	 0.911250
 0.002752	-0.049994	 0.720217	 0.911258
 0.002755	-0.049976	 0.720726	 0.911283
 0.002757	-0.049945	 0.721578	 0.911324
 0.002760	-0.049902	 0.722774	 0.911383
 0.002762	-0.049846	 0.724314	 0.911457
 0.002765	-0.049779	 0.726201	 0.911549
 0.002767	-0.049699	 0.728437	 0.911657
 0.002770	-0.049607	 0.731025	 0.911781
 0.002772	-0.049502	 0.733967	 0.911922
 0.002775	-0.049386	 0.737267	 0.912080
 0.002777	-0.049257	 0.740929	 0.912254
 0.002780	-0.049116	 0.744958	 0.912444
 0.002782	-0.048963	 0.749357	 0.912651
 0.002785	-0.048798	 0.754133	 0.912874
 0.002787	-0.048620	 0.759291	 0.913114
 0.002790	-0.048431	 0.764837	 0.913369
 0.002792	-0.048230	 0.770777	 0.913641
 0.002795	-0.048017	 0.777119	 0.913929
 0.002797	-0.047792	 0.783871	 0.914233
 0.002800	-0.047555	 0.791039	 0.914553
 0.002802	-0.047307	 0.798634	 0.914889
 0.002805	-0.047047	 0.806664	 0.915241
 0.002807	-0.046775	 0.815138	 0.915609
 0.002810	-0.046492	 0.824067	 0.915992
 0.002812	-0.046197	 0.833461	 0.916391
 0.002815	-0.045891	 0.843332	 0.916806
 0.002817	-0.045573	 0.853691	 0.917236
 0.002820	-0.045245	 0.864552	 0.917681
 0.002822	-0.044905	 0.875926	 0.918141
 0.002825	-0.044554	 0.887829	 0.918617
 0.002827	-0.044192	 0.900274	 0.919107
 0.002830	-0.043819	 0.913276	 0.919613
 0.002832	-0.043436	 0.926851	 0.920133
 0.002835	-0.043041	 0.941016	 0.920668
 0.002837	-0.042636	 0.955788	 0.921218
 0.002840	-0.042221	 0.971184	 0.921782
 0.002842	-0.041795	 0.987224	 0.922360
 0.002845	-0.041359	 1.003927	 0.922953
 0.002847	-0.040912	 1.021313	 0.923560
 0.002850	-0.040456	 1.039404	 0.924180
 0.002852	-0.039989	 1.058221	 0.924814
 0.002855	-0.039513	 1.077788	 0.925462
 0.002857	-0.039027	 1.098128	 0.926124
 0.002860	-0.038531	 1.119266	 0.926799
 0.002862	-0.038026	 1.141229	 0.927487
 0.002865	-0.037511	 1.164042	 0.928188
 0.002867	-0.036987	 1.187735	 0.928902
 0.002870	-0.036454	 1.212335	 0.929628
 0.002872	-0.035912	 1.237872	 0.930367
 0.002875	-0.035362	 1.264378	 0.931119
 0.002877	-0.034802	 1.291886	 0.931883
 0.002880	-0.034234	 1.320427	 0.932659
 0.002882	-0.033657	 1.350038	 0.933446
 0.002885	-0.033072	 1.380754	 0.934246
 0.002887	-0.032479	 1.412612	 0.935057
 0.002890	-0.031878	 1.445650	 0.935879
 0.002892	-0.031269	 1.479908	 0.936712
 0.002895	-0.030653	 1.515429	 0.937556
 0.002897	-0.030028	 1.552253	 0.938411
 0.002900	-0.029397	 1.590424	 0.939277
 0.002902	-0.028758	 1.629990	 0.940153
 0.002905	-0.028112	 1.670995	 0.941039
 0.002907	-0.027459	 1.713489	 0.941935
 0.002910	-0.026799	 1.757522	 0.942840
 0.002912	-0.026133	 1.803144	 0.943756
 0.002915	-0.025460	 1.850410	 0.944680
 0.002917	-0.024781	 1.899373	 0.945614
 0.002920	-0.024096	 1.950090	 0.946556
 0.002922	-0.023405	 2.002620	 0.947507
 0.002925	-0.022708	 2.057021	 0.948467
 0.002927	-0.022005	 2.113356	 0.949434
 0.002930	-0.021298	 2.171687	 0.950410
 0.002932	-0.020584	 2.232079	 0.951394
 0.002935	-0.019866	 2.294598	 0.952385
 0.002937	-0.019143	 2.359313	 0.953383
 0.002940	-0.018415	 2.426294	 0.954388
 0.002942	-0.017683	 2.495613	 0.955400
 0.002945	-0.016946	 2.567343	 0.956419
 0.002947	-0.016205	 2.641559	 0.957444
 0.002950	-0.015460	 2.718339	 0.958475
 0.002952	-0.014711	 2.797761	 0.959512
 0.002955	-0.013959	 2.879905	 0.960555
 0.002957	-0.013203	 2.964854	 0.961603
 0.002960	-0.012444	 3.052691	 0.962656
 0.002962	-0.011682	 3.143501	 0.963714
 0.002965	-0.010917	 3.237372	 0.964776
 0.002967	-0.010149	 3.334391	 0.965843
 0.002970	-0.009379	 3.434649	 0.966914
 0.002972	-0.008606	 3.538235	 0.967988
 0.002975	-0.007832	 3.645244	 0.969066
 0.002977	-0.007055	 3.755768	 0.970148
 0.002980	-0.006277	 3.869902	 0.971232
 0.002982	-0.005497	 3.987743	 0.972320
 0.002985	-0.004716	 4.109385	 0.973409
 0.002987	-0.003933	 4.234928	 0.974501
 0.002990	-0.003150	 4.364470	 0.975595
 0.002992	-0.002366	 4.498107	 0.976691
 0.002995	-0.001581	 4.635942	 0.977788
 0.002997	-0.000796	 4.778071	 0.978886
 0.003000	-0.000010	 4.924595	 0.979985
 0.003002	 0.000775	 5.075613	 0.981085
 0.003005	 0.001560	 5.231223	 0.982185
 0.003007	 0.002345	 5.391525	 0.983286
 0.003010	 0.003129	 5.556614	 0.984386
 0.003012	 0.003912	 5.726590	 0.985485
 0.003015	 0.004695	 5.901545	 0.986584
 0.003017	 0.005476	 6.081574	 0.987682
 0.003020	 0.006256	 6.266770	 0.988778
 0.003022	 0.007035	 6.457222	 0.989873
 0.003025	 0.007811	 6.653018	 0.990966
 0.003027	 0.008586	 6.854243	 0.992057
 0.003030	 0.009359	 7.060978	 0.993146
 0.003032	 0.010129	 7.273304	 0.994232
 0.003035	 0.010897	 7.491293	 0.995315
 0.003037	 0.011662	 7.715019	 0.996394
 0.003040	 0.012424	 7.944547	 0.997471
 0.003042	 0.013183	 8.179938	 0.998543
 0.003045	 0.013939	 8.421251	 0.999612
 0.003047	 0.014692	 8.668536	 1.000676
 0.003050	 0.015440	 8.921840	 1.001736
 0.003052	 0.016185	 9.181198	 1.002791
 0.003055	 0.016926	 9.446647	 1.003840
 0.003057	 0.017663	 9.718208	 1.004885
 0.003060	 0.018396	 9.995900	 1.005923
 0.003062	 0.019124	 10.279734	 1.006956
 0.003065	 0.019847	 10.569707	 1.007983
 0.003067	 0.020565	 10.865814	 1.009003
 0.003070	 0.021279	 11.168037	 1.010017
 0.003072	 0.021987	 11.476348	 1.011023
 0.003075	 0.022689	 11.790710	 1.012023
 0.003077	 0.023386	 12.111077	 1.013015
 0.003080	 0.024078	 12.437387	 1.013999
 0.003082	 0.024763	 12.769571	 1.014975
 0.003085	 0.025442	 13.107547	 1.015943
 0.003087	 0.026115	 13.451221	 1.016902
 0.003090	 0.026782	 13.800485	 1.017853
 0.003092	 0.027442	 14.155219	 1.018795
 0.003095	 0.028095	 14.515293	 1.019727
 0.003097	 0.028741	 14.880558	 1.020650
 0.003100	 0.029380	 15.250855	 1.021563
 0.003102	 0.030012	 15.626009	 1.022467
 0.003105	 0.030636	 16.005833	 1.023360
 0.003107	 0.031253	 16.390125	 1.024243
 0.003110	 0.031862	 16.778664	 1.025115
 0.003112	 0.032463	 17.171225	 1.025976
 0.003115	 0.033057	 17.567556	 1.026826
 0.003117	 0.033642	 17.967398	 1.027665
 0.003120	 0.034219	 18.370476	 1.028492
 0.003122	 0.034787	 18.776499	 1.029307
 0.003125	 0.035347	 19.185160	 1.030110
 0.003127	 0.035898	 19.596144	 1.030902
 0.003130	 0.036440	 20.009113	 1.031680
 0.003132	 0.036973	 20.423723	 1.032446
 0.003135	 0.037498	 20.839611	 1.033200
 0.003137	 0.038012	 21.256399	 1.033940
 0.003140	 0.038518	 21.673710	 1.034667
 0.003142	 0.039014	 22.091135	 1.035380
 0.003145	 0.039500	 22.508263	 1.036080
 0.003147	 0.039977	 22.924677	 1.036767
 0.003150	 0.040444	 23.339937	 1.037439
 0.003152	 0.040900	 23.753601	 1.038097
 0.003155	 0.041347	 24.165218	 1.038741
 0.003157	 0.041784	 24.574326	 1.039370
 0.003160	 0.042210	 24.980450	 1.039984
 0.003162	 0.042626	 25.383118	 1.040584
 0.003165	 0.043031	 25.781847	 1.041169
 0.003167	 0.043425	 26.176147	 1.041738
 0.003170	 0.043809	 26.565529	 1.042293
 0.003172	 0.044182	 26.949499	 1.042831
 0.003175	 0.044545	 27.327557	 1.043355
 0.003177	 0.044896	 27.699211	 1.043862
 0.003180	 0.045236	 28.063959	 1.044353
 0.003182	 0.045565	 28.421310	 1.044829
 0.003185	 0.045883	 28.770769	 1.045288
 0.003187	 0.046189	 29.111845	 1.045731
 0.003190	 0.046484	 29.444057	 1.046158
 0.003192	 0.046768	 29.766930	 1.046568
 0.003195	 0.047040	 30.079988	 1.046962
 0.003197	 0.047300	 30.382774	 1.047339
 0.003200	 0.047549	 30.674835	 1.047699
 0.003202	 0.047786	 30.955740	 1.048042
 0.003205	 0.048011	 31.225052	 1.048368
 0.003207	 0.048224	 31.482361	 1.048677
 0.003210	 0.048426	 31.727266	 1.048969
 0.003212	 0.048615	 31.959389	 1.049243
 0.003215	 0.048793	 32.178364	 1.049501
 0.003217	 0.048958	 32.383839	 1.049740
 0.003220	 0.049112	 32.575493	 1.049963
 0.003222	 0.049253	 32.753010	 1.050167
 0.003225	 0.049382	 32.916107	 1.050355
 0.003227	 0.049499	 33.064522	 1.050524
 0.003230	 0.049604	 33.198009	 1.050676
 0.003232	 0.049697	 33.316349	 1.050810
 0.003235	 0.049777	 33.419346	 1.050926
 0.003237	 0.049845	 33.506832	 1.051025
 0.003240	 0.049900	 33.578659	 1.051106
 0.003242	 0.049944	 33.634712	 1.051169
 0.003245	 0.049975	 33.674892	 1.051214
 0.003247	 0.049994	 33.699142	 1.051241
 0.003250	 0.050000	 33.707409	 1.051250
 0.003252	 0.049994	 33.699692	 1.051241
 0.003255	 0.049976	 33.675995	 1.051215
 0.003257	 0.049945	 33.636356	 1.051170
 0.003260	 0.049902	 33.580849	 1.051108
 0.003262	 0.049847	 33.509560	 1.051028
 0.003265	 0.049779	 33.422611	 1.050930
 0.003267	 0.049700	 33.320145	 1.050814
 0.003270	 0.049607	 33.202328	 1.050681
 0.003272	 0.049503	 33.069359	 1.050530
 0.003275	 0.049387	 32.921455	 1.050361
 0.003277	 0.049258	 32.758858	 1.050174
 0.003280	 0.049117	 32.581825	 1.049970
 0.003282	 0.048964	 32.390656	 1.049748
 0.003285	 0.048799	 32.185650	 1.049509
 0.003287	 0.048622	 31.967136	 1.049253
 0.003290	 0.048433	 31.735458	 1.048979
 0.003292	 0.048232	 31.490986	 1.048687
 0.003295	 0.048019	 31.234095	 1.048379
 0.003297	 0.047794	 30.965189	 1.048053
 0.003300	 0.047557	 30.684679	 1.047711
 0.003302	 0.047309	 30.392994	 1.047351
 0.003305	 0.047049	 30.090567	 1.046975
 0.003307	 0.046777	 29.777851	 1.046582
 0.003310	 0.046494	 29.455311	 1.046172
 0.003312	 0.046199	 29.123411	 1.045746
 0.003315	 0.045893	 28.782631	 1.045304
 0.003317	 0.045576	 28.433453	 1.044845
 0.003320	 0.045247	 28.076366	 1.044370
 0.003322	 0.044908	 27.711863	 1.043879
 0.003325	 0.044557	 27.340443	 1.043372
 0.003327	 0.044195	 26.962593	 1.042850
 0.003330	 0.043822	 26.578817	 1.042311
 0.003332	 0.043439	 26.189611	 1.041758
 0.003335	 0.043045	 25.795473	 1.041189
 0.003337	 0.042640	 25.396887	 1.040605
 0.003340	 0.042224	 24.994347	 1.040005
 0.003342	 0.041798	 24.588331	 1.039391
 0.003345	 0.041362	 24.179325	 1.038763
 0.003347	 0.040916	 23.767784	 1.038119
 0.003350	 0.040460	 23.354181	 1.037462
 0.003352	 0.039993	 22.938969	 1.036790
 0.003355	 0.039517	 22.522591	 1.036104
 0.003357	 0.039031	 22.105478	 1.035405
 0.003360	 0.038535	 21.688055	 1.034692
 0.003362	 0.038030	 21.270737	 1.033965
 0.003365	 0.037515	 20.853920	 1.033225
 0.003367	 0.036992	 20.437996	 1.032472
 0.003370	 0.036459	 20.023335	 1.031707
 0.003372	 0.035917	 19.610306	 1.030928
 0.003375	 0.035366	 19.199247	 1.030138
 0.003377	 0.034806	 18.790501	 1.029335
 0.003380	 0.034238	 18.384382	 1.028520
 0.003382	 0.033662	 17.981199	 1.027693
 0.003385	 0.033077	 17.581240	 1.026855
 0.003387	 0.032484	 17.184784	 1.026005
 0.003390	 0.031883	 16.792091	 1.025144
 0.003392	 0.031274	 16.403408	 1.024273
 0.003395	 0.030657	 16.018969	 1.023390
 0.003397	 0.030033	 15.638987	 1.022498
 0.003400	 0.029402	 15.263669	 1.021595
 0.003402	 0.028763	 14.893202	 1.020682
 0.003405	 0.028117	 14.527761	 1.019759
 0.003407	 0.027464	 14.167507	 1.018827
 0.003410	 0.026804	 13.812587	 1.017885
 0.003412	 0.026138	 13.463132	 1.016935
 0.003415	 0.025465	 13.119264	 1.015976
 0.003417	 0.024786	 12.781092	 1.015008
 0.003420	 0.024101	 12.448707	 1.014032
 0.003422	 0.023410	 12.122193	 1.013049
 0.003425	 0.022713	 11.801621	 1.012057
 0.003427	 0.022011	 11.487052	 1.011058
 0.003430	 0.021303	 11.178532	 1.010051
 0.003432	 0.020590	 10.876100	 1.009038
 0.003435	 0.019872	 10.579782	 1.008018
 0.003437	 0.019149	 10.289597	 1.006992
 0.003440	 0.018421	 10.005553	 1.005959
 0.003442	 0.017689	 9.727650	 1.004920
 0.003445	 0.016952	 9.455878	 1.003876
 0.003447	 0.016211	 9.190220	 1.002827
 0.003450	 0.015466	 8.930653	 1.001772
 0.003452	 0.014717	 8.677142	 1.000713
 0.003455	 0.013965	 8.429650	 0.999648
 0.003457	 0.013209	 8.188133	 0.998580
 0.003460	 0.012450	 7.952539	 0.997508
 0.003462	 0.011688	 7.722810	 0.996431
 0.003465	 0.010923	 7.498887	 0.995352
 0.003467	 0.010155	 7.280701	 0.994269
 0.003470	 0.009385	 7.068182	 0.993183
 0.003472	 0.008612	 6.861256	 0.992095
 0.003475	 0.007838	 6.659843	 0.991004
 0.003477	 0.007061	 6.463862	 0.989911
 0.003480	 0.006283	 6.273228	 0.988816
 0.003482	 0.005503	 6.087853	 0.987719
 0.003485	 0.004722	 5.907647	 0.986622
 0.003487	 0.003939	 5.732519	 0.985523
 0.003490	 0.003156	 5.562375	 0.984423
 0.003492	 0.002372	 5.397119	 0.983323
 0.003495	 0.001587	 5.236654	 0.982223
 0.003497	 0.000802	 5.080884	 0.981123
 0.003500	 0.000017	 4.929710	 0.980023
 0.003502	-0.000769	 4.783033	 0.978924
 0.003505	-0.001554	 4.640755	 0.977826
 0.003507	-0.002339	 4.502774	 0.976729
 0.003510	-0.003123	 4.368994	 0.975633
 0.003512	-0.003906	 4.239314	 0.974539
 0.003515	-0.004689	 4.113635	 0.973447
 0.003517	-0.005470	 3.991859	 0.972357
 0.003520	-0.006250	 3.873890	 0.971270
 0.003522	-0.007028	 3.759630	 0.970185
 0.003525	-0.007805	 3.648984	 0.969103
 0.003527	-0.008580	 3.541856	 0.968025
 0.003530	-0.009352	 3.438153	 0.966950
 0.003532	-0.010123	 3.337782	 0.965879
 0.003535	-0.010891	 3.240654	 0.964813
 0.003537	-0.011656	 3.146676	 0.963750
 0.003540	-0.012418	 3.055762	 0.962692
 0.003542	-0.013177	 2.967824	 0.961639
 0.003545	-0.013933	 2.882777	 0.960591
 0.003547	-0.014686	 2.800538	 0.959548
 0.003550	-0.015434	 2.721024	 0.958511
 0.003552	-0.016180	 2.644155	 0.957480
 0.003555	-0.016921	 2.569852	 0.956454
 0.003557	-0.017658	 2.498038	 0.955435
 0.003560	-0.018390	 2.428637	 0.954423
 0.003562	-0.019118	 2.361577	 0.953417
 0.003565	-0.019841	 2.296785	 0.952419
 0.003567	-0.020560	 2.234191	 0.951428
 0.003570	-0.021273	 2.173728	 0.950444
 0.003572	-0.021981	 2.115327	 0.949468
 0.003575	-0.022684	 2.058925	 0.948500
 0.003577	-0.023381	 2.004458	 0.947540
 0.003580	-0.024072	 1.951865	 0.946589
 0.003582	-0.024758	 1.901087	 0.945646
 0.003585	-0.025437	 1.852064	 0.944712
 0.003587	-0.026110	 1.804741	 0.943787
 0.003590	-0.026776	 1.759063	 0.942872
 0.003592	-0.027436	 1.714976	 0.941966
 0.003595	-0.028089	 1.672430	 0.941069
 0.003597	-0.028736	 1.631375	 0.940183
 0.003600	-0.029375	 1.591761	 0.939307
 0.003602	-0.030007	 1.553542	 0.938441
 0.003605	-0.030631	 1.516672	 0.937585
 0.003607	-0.031248	 1.481108	 0.936741
 0.003610	-0.031857	 1.446807	 0.935907
 0.003612	-0.032459	 1.413727	 0.935085
 0.003615	-0.033052	 1.381830	 0.934273
 0.003617	-0.033637	 1.351075	 0.933474
 0.003620	-0.034214	 1.321427	 0.932685
 0.003622	-0.034783	 1.292849	 0.931909
 0.003625	-0.035342	 1.265307	 0.931145
 0.003627	-0.035894	 1.238767	 0.930393
 0.003630	-0.036436	 1.213197	 0.929653
 0.003632	-0.036969	 1.188565	 0.928926
 0.003635	-0.037493	 1.164842	 0.928212
 0.003637	-0.038008	 1.141999	 0.927511
 0.003640	-0.038514	 1.120007	 0.926822
 0.003642	-0.039010	 1.098841	 0.926147
 0.003645	-0.039496	 1.078474	 0.925485
 0.003647	-0.039973	 1.058881	 0.924837
 0.003650	-0.040440	 1.040038	 0.924202
 0.003652	-0.040897	 1.021923	 0.923581
 0.003655	-0.041344	 1.004513	 0.922974
 0.003657	-0.041780	 0.987787	 0.922381
 0.003660	-0.042206	 0.971725	 0.921802
 0.003662	-0.042622	 0.956307	 0.921237
 0.003665	-0.043028	 0.941514	 0.920687
 0.003667	-0.043422	 0.927328	 0.920152
 0.003670	-0.043806	 0.913733	 0.919631
 0.003672	-0.044179	 0.900711	 0.919125
 0.003675	-0.044542	 0.888248	 0.918633
 0.003677	-0.044893	 0.876327	 0.918157
 0.003680	-0.045233	 0.864934	 0.917696
 0.003682	-0.045562	 0.854056	 0.917251
 0.003685	-0.045880	 0.843680	 0.916820
 0.003687	-0.046187	 0.833792	 0.916405
 0.003690	-0.046482	 0.824382	 0.916006
 0.003692	-0.046765	 0.815437	 0.915622
 0.003695	-0.047038	 0.806947	 0.915254
 0.003697	-0.047298	 0.798903	 0.914901
 0.003700	-0.047547	 0.791293	 0.914565
 0.003702	-0.047784	 0.784110	 0.914244
 0.003705	-0.048009	 0.777344	 0.913939
 0.003707	-0.048223	 0.770988	 0.913651
 0.003710	-0.048424	 0.765034	 0.913378
 0.003712	-0.048614	 0.759475	 0.913122
 0.003715	-0.048792	 0.754304	 0.912882
 0.003717	-0.048957	 0.749515	 0.912658
 0.003720	-0.049111	 0.745103	 0.912451
 0.003722	-0.049252	 0.741062	 0.912260
 0.003725	-0.049381	 0.737387	 0.912085
 0.003727	-0.049498	 0.734074	 0.911927
 0.003730	-0.049603	 0.731120	 0.911786
 0.003732	-0.049696	 0.728520	 0.911661
 0.003735	-0.049776	 0.726272	 0.911552
 0.003737	-0.049844	 0.724373	 0.911460
 0.003740	-0.049900	 0.722821	 0.911385
 0.003742	-0.049944	 0.721614	 0.911326
 0.003745	-0.049975	 0.720750	 0.911284
 0.003747	-0.049994	 0.720228	 0.911259
 0.003750	-0.050000	 0.720049	 0.911250
 0.003752	-0.049994	 0.720211	 0.911258
 0.003755	-0.049976	 0.720715	 0.911282
 0.003757	-0.049945	 0.721562	 0.911324
 0.003760	-0.049903	 0.722752	 0.911382
 0.003762	-0.049847	 0.724287	 0.911456
 0.003765	-0.049780	 0.726168	 0.911547
 0.003767	-0.049700	 0.728399	 0.911655
 0.003770	-0.049608	 0.730981	 0.911779
 0.003772	-0.049504	 0.733917	 0.911920
 0.003775	-0.049388	 0.737212	 0.912077
 0.003777	-0.049259	 0.740868	 0.912251
 0.003780	-0.049118	 0.744891	 0.912441
 0.003782	-0.048965	 0.749284	 0.912647
 0.003785	-0.048800	 0.754054	 0.912870
 0.003787	-0.048623	 0.759206	 0.913110
 0.003790	-0.048434	 0.764745	 0.913365
 0.003792	-0.048233	 0.770679	 0.913637
 0.003795	-0.048020	 0.777015	 0.913925
 0.003797	-0.047796	 0.783760	 0.914228
 0.003800	-0.047559	 0.790922	 0.914548
 0.003802	-0.047311	 0.798510	 0.914884
 0.003805	-0.047051	 0.806532	 0.915236
 0.003807	-0.046779	 0.814999	 0.915603
 0.003810	-0.046496	 0.823921	 0.915986
 0.003812	-0.046202	 0.833308	 0.916385
 0.003815	-0.045896	 0.843171	 0.916799
 0.003817	-0.045579	 0.853522	 0.917229
 0.003820	-0.045250	 0.864375	 0.917674
 0.003822	-0.044910	 0.875741	 0.918134
 0.003825	-0.044560	 0.887635	 0.918609
 0.003827	-0.044198	 0.900071	 0.919100
 0.003830	-0.043825	 0.913065	 0.919605
 0.003832	-0.043442	 0.926631	 0.920125
 0.003835	-0.043048	 0.940786	 0.920660
 0.003837	-0.042643	 0.955548	 0.921209
 0.003840	-0.042228	 0.970934	 0.921773
 0.003842	-0.041802	 0.986964	 0.922351
 0.003845	-0.041366	 1.003656	 0.922943
 0.003847	-0.040920	 1.021031	 0.923550
 0.003850	-0.040463	 1.039110	 0.924170
 0.003852	-0.039997	 1.057915	 0.924804
 0.003855	-0.039521	 1.077470	 0.925452
 0.003857	-0.039035	 1.097798	 0.926113
 0.003860	-0.038539	 1.118923	 0.926788
 0.003862	-0.038034	 1.140873	 0.927476
 0.003865	-0.037520	 1.163672	 0.928176
 0.003867	-0.036996	 1.187351	 0.928890
 0.003870	-0.036463	 1.211936	 0.929617
 0.003872	-0.035921	 1.237458	 0.930356
 0.003875	-0.035370	 1.263949	 0.931107
 0.003877	-0.034811	 1.291440	 0.931871
 0.003880	-0.034243	 1.319965	 0.932646
 0.003882	-0.033666	 1.349558	 0.933434
 0.003885	-0.033082	 1.380256	 0.934233
 0.003887	-0.032489	 1.412095	 0.935044
 0.003890	-0.031888	 1.445115	 0.935866
 0.003892	-0.031279	 1.479353	 0.936699
 0.003895	-0.030662	 1.514853	 0.937543
 0.003897	-0.030038	 1.551656	 0.938398
 0.003900	-0.029407	 1.589806	 0.939263
 0.003902	-0.028768	 1.629349	 0.940139
 0.003905	-0.028122	 1.670331	 0.941024
 0.003907	-0.027469	 1.712801	 0.941920
 0.003910	-0.026810	 1.756812	 0.942826
 0.003912	-0.026143	 1.802414	 0.943741
 0.003915	-0.025471	 1.849657	 0.944665
 0.003917	-0.024792	 1.898598	 0.945599
 0.003920	-0.024107	 1.949293	 0.946541
 0.003922	-0.023415	 2.001799	 0.947492
 0.003925	-0.022719	 2.056176	 0.948452
 0.003927	-0.022016	 2.112486	 0.949420
 0.003930	-0.021308	 2.170792	 0.950395
 0.003932	-0.020595	 2.231158	 0.951379
 0.003935	-0.019877	 2.293651	 0.952370
 0.003937	-0.019154	 2.358339	 0.953368
 0.003940	-0.018426	 2.425292	 0.954373
 0.003942	-0.017694	 2.494583	 0.955386
 0.003945	-0.016957	 2.566283	 0.956404
 0.003947	-0.016216	 2.640470	 0.957429
 0.003950	-0.015471	 2.717220	 0.958461
 0.003952	-0.014722	 2.796611	 0.959498
 0.003955	-0.013970	 2.878723	 0.960540
 0.003957	-0.013214	 2.963640	 0.961588
 0.003960	-0.012455	 3.051444	 0.962641
 0.003962	-0.011692	 3.142221	 0.963699
 0.003965	-0.010927	 3.236058	 0.964761
 0.003967	-0.010160	 3.333042	 0.965828
 0.003970	-0.009389	 3.433264	 0.966899
 0.003972	-0.008617	 3.536815	 0.967974
 0.003975	-0.007842	 3.643787	 0.969052
 0.003977	-0.007065	 3.754273	 0.970133
 0.003980	-0.006287	 3.868370	 0.971218
 0.003982	-0.005507	 3.986171	 0.972305
 0.003985	-0.004726	 4.107775	 0.973395
 0.003987	-0.003943	 4.233279	 0.974487
 0.003990	-0.003160	 4.362780	 0.975581
 0.003992	-0.002376	 4.496377	 0.976677
 0.003995	-0.001591	 4.634170	 0.977774
 0.003997	-0.000806	 4.776258	 0.978873
 0.004000	-0.000020	 4.922740	 0.979972
