TBJ_JFET  -THD
Vin = 0.05*sen(2*PI*1000.0*t)
Is = 1.00e-11  Idss = 2.00
Vt = 0.026     Vp   = -2.00
Tensiones de polarización
Vbe = 0.700
Vgs = -0.600
Resolución de ploteo = 400.0 puntos por período

t [s]   	Vin [V] 	Ic [mA] 	Id [mA] 	
 0.000000	 0.000000	 4.226560	 1.580000
 0.000002	 0.000785	 4.376858	 1.580315
 0.000005	 0.001571	 4.531751	 1.580629
 0.000007	 0.002355	 4.691337	 1.580945
 0.000010	 0.003140	 4.855714	 1.581261
 0.000012	 0.003923	 5.024978	 1.581577
 0.000015	 0.004705	 5.199225	 1.581893
 0.000018	 0.005487	 5.378549	 1.582210
 0.000020	 0.006267	 5.563042	 1.582526
 0.000023	 0.007045	 5.752795	 1.582843
 0.000025	 0.007822	 5.947895	 1.583159
 0.000028	 0.008596	 6.148428	 1.583476
 0.000030	 0.009369	 6.354475	 1.583791
 0.000033	 0.010139	 6.566115	 1.584107
 0.000035	 0.010907	 6.783424	 1.584422
 0.000038	 0.011672	 7.006472	 1.584737
 0.000040	 0.012434	 7.235328	 1.585051
 0.000043	 0.013194	 7.470051	 1.585364
 0.000045	 0.013950	 7.710701	 1.585677
 0.000048	 0.014702	 7.957326	 1.585989
 0.000050	 0.015451	 8.209974	 1.586300
 0.000053	 0.016196	 8.468684	 1.586609
 0.000055	 0.016937	 8.733486	 1.586918
 0.000058	 0.017674	 9.004409	 1.587226
 0.000060	 0.018406	 9.281466	 1.587532
 0.000063	 0.019134	 9.564669	 1.587837
 0.000065	 0.019857	 9.854017	 1.588140
 0.000068	 0.020576	 10.149505	 1.588442
 0.000070	 0.021289	 10.451113	 1.588742
 0.000072	 0.021997	 10.758815	 1.589041
 0.000075	 0.022700	 11.072574	 1.589337
 0.000077	 0.023396	 11.392341	 1.589632
 0.000080	 0.024088	 11.718057	 1.589925
 0.000082	 0.024773	 12.049653	 1.590216
 0.000085	 0.025452	 12.387046	 1.590505
 0.000087	 0.026125	 12.730142	 1.590791
 0.000090	 0.026791	 13.078833	 1.591075
 0.000092	 0.027451	 13.433001	 1.591357
 0.000095	 0.028104	 13.792511	 1.591637
 0.000097	 0.028750	 14.157219	 1.591913
 0.000100	 0.029389	 14.526963	 1.592188
 0.000102	 0.030021	 14.901571	 1.592459
 0.000105	 0.030645	 15.280854	 1.592728
 0.000107	 0.031262	 15.664606	 1.592993
 0.000110	 0.031871	 16.052614	 1.593256
 0.000112	 0.032472	 16.444647	 1.593516
 0.000115	 0.033066	 16.840454	 1.593773
 0.000117	 0.033651	 17.239779	 1.594026
 0.000120	 0.034227	 17.642338	 1.594277
 0.000122	 0.034796	 18.047850	 1.594524
 0.000125	 0.035355	 18.456007	 1.594767
 0.000127	 0.035906	 18.866488	 1.595007
 0.000130	 0.036448	 19.278959	 1.595244
 0.000132	 0.036982	 19.693073	 1.595476
 0.000135	 0.037506	 20.108473	 1.595706
 0.000137	 0.038020	 20.524776	 1.595931
 0.000140	 0.038526	 20.941601	 1.596152
 0.000142	 0.039021	 21.358545	 1.596370
 0.000145	 0.039508	 21.775200	 1.596583
 0.000147	 0.039984	 22.191137	 1.596793
 0.000150	 0.040451	 22.605930	 1.596998
 0.000152	 0.040907	 23.019123	 1.597200
 0.000155	 0.041354	 23.430273	 1.597397
 0.000158	 0.041790	 23.838919	 1.597589
 0.000160	 0.042216	 24.244583	 1.597778
 0.000163	 0.042632	 24.646793	 1.597962
 0.000165	 0.043037	 25.045069	 1.598141
 0.000168	 0.043432	 25.438917	 1.598316
 0.000170	 0.043815	 25.827848	 1.598486
 0.000173	 0.044188	 26.211370	 1.598652
 0.000175	 0.044550	 26.588985	 1.598813
 0.000178	 0.044901	 26.960196	 1.598969
 0.000180	 0.045241	 27.324505	 1.599120
 0.000183	 0.045570	 27.681419	 1.599266
 0.000185	 0.045888	 28.030443	 1.599408
 0.000188	 0.046194	 28.371086	 1.599545
 0.000190	 0.046489	 28.702873	 1.599676
 0.000193	 0.046772	 29.025314	 1.599803
 0.000195	 0.047044	 29.337952	 1.599924
 0.000198	 0.047304	 29.640320	 1.600041
 0.000200	 0.047553	 29.931969	 1.600152
 0.000203	 0.047790	 30.212461	 1.600258
 0.000205	 0.048015	 30.481365	 1.600358
 0.000208	 0.048228	 30.738270	 1.600454
 0.000210	 0.048429	 30.982779	 1.600544
 0.000213	 0.048618	 31.214506	 1.600629
 0.000215	 0.048796	 31.433088	 1.600709
 0.000218	 0.048961	 31.638182	 1.600783
 0.000220	 0.049114	 31.829453	 1.600852
 0.000223	 0.049255	 32.006603	 1.600915
 0.000225	 0.049384	 32.169334	 1.600973
 0.000228	 0.049501	 32.317390	 1.601026
 0.000230	 0.049606	 32.450516	 1.601073
 0.000233	 0.049698	 32.568516	 1.601114
 0.000235	 0.049778	 32.671177	 1.601150
 0.000238	 0.049846	 32.758335	 1.601181
 0.000240	 0.049901	 32.829845	 1.601206
 0.000243	 0.049944	 32.885590	 1.601225
 0.000245	 0.049975	 32.925468	 1.601239
 0.000248	 0.049994	 32.949425	 1.601247
 0.000250	 0.050000	 32.957417	 1.601250
 0.000253	 0.049994	 32.949425	 1.601247
 0.000255	 0.049975	 32.925468	 1.601239
 0.000258	 0.049944	 32.885590	 1.601225
 0.000260	 0.049901	 32.829849	 1.601206
 0.000263	 0.049846	 32.758339	 1.601181
 0.000265	 0.049778	 32.671185	 1.601150
 0.000268	 0.049698	 32.568527	 1.601114
 0.000270	 0.049606	 32.450531	 1.601073
 0.000273	 0.049501	 32.317402	 1.601026
 0.000275	 0.049384	 32.169350	 1.600973
 0.000278	 0.049255	 32.006622	 1.600915
 0.000280	 0.049114	 31.829475	 1.600852
 0.000282	 0.048961	 31.638205	 1.600783
 0.000285	 0.048796	 31.433119	 1.600709
 0.000287	 0.048619	 31.214533	 1.600629
 0.000290	 0.048429	 30.982811	 1.600544
 0.000292	 0.048228	 30.738306	 1.600454
 0.000295	 0.048015	 30.481405	 1.600359
 0.000297	 0.047790	 30.212502	 1.600258
 0.000300	 0.047553	 29.932016	 1.600152
 0.000302	 0.047304	 29.640371	 1.600041
 0.000305	 0.047044	 29.338009	 1.599924
 0.000307	 0.046772	 29.025373	 1.599803
 0.000310	 0.046489	 28.702932	 1.599676
 0.000312	 0.046194	 28.371153	 1.599545
 0.000315	 0.045888	 28.030510	 1.599408
 0.000317	 0.045570	 27.681490	 1.599266
 0.000320	 0.045241	 27.324581	 1.599120
 0.000322	 0.044901	 26.960276	 1.598969
 0.000325	 0.044550	 26.589067	 1.598812
 0.000327	 0.044188	 26.211460	 1.598652
 0.000330	 0.043815	 25.827938	 1.598486
 0.000332	 0.043432	 25.439011	 1.598316
 0.000335	 0.043037	 25.045164	 1.598141
 0.000337	 0.042632	 24.646894	 1.597962
 0.000340	 0.042216	 24.244686	 1.597778
 0.000342	 0.041790	 23.839024	 1.597589
 0.000345	 0.041354	 23.430384	 1.597397
 0.000347	 0.040908	 23.019239	 1.597200
 0.000350	 0.040451	 22.606045	 1.596999
 0.000352	 0.039984	 22.191256	 1.596793
 0.000355	 0.039508	 21.775322	 1.596584
 0.000357	 0.039022	 21.358673	 1.596370
 0.000360	 0.038526	 20.941729	 1.596152
 0.000362	 0.038020	 20.524908	 1.595931
 0.000365	 0.037506	 20.108604	 1.595706
 0.000367	 0.036982	 19.693209	 1.595477
 0.000370	 0.036449	 19.279097	 1.595244
 0.000372	 0.035906	 18.866625	 1.595007
 0.000375	 0.035355	 18.456146	 1.594767
 0.000377	 0.034796	 18.047991	 1.594524
 0.000380	 0.034228	 17.642479	 1.594277
 0.000382	 0.033651	 17.239916	 1.594026
 0.000385	 0.033066	 16.840593	 1.593773
 0.000387	 0.032473	 16.444784	 1.593516
 0.000390	 0.031871	 16.052757	 1.593256
 0.000392	 0.031262	 15.664747	 1.592993
 0.000395	 0.030646	 15.280993	 1.592728
 0.000397	 0.030021	 14.901711	 1.592459
 0.000400	 0.029389	 14.527102	 1.592188
 0.000402	 0.028750	 14.157357	 1.591913
 0.000405	 0.028104	 13.792648	 1.591637
 0.000407	 0.027451	 13.433137	 1.591357
 0.000410	 0.026792	 13.078968	 1.591076
 0.000412	 0.026125	 12.730275	 1.590791
 0.000415	 0.025452	 12.387177	 1.590505
 0.000417	 0.024773	 12.049784	 1.590216
 0.000420	 0.024088	 11.718186	 1.589925
 0.000422	 0.023397	 11.392469	 1.589632
 0.000425	 0.022700	 11.072700	 1.589338
 0.000427	 0.021997	 10.758941	 1.589041
 0.000430	 0.021289	 10.451236	 1.588742
 0.000432	 0.020576	 10.149627	 1.588442
 0.000435	 0.019858	 9.854138	 1.588140
 0.000437	 0.019134	 9.564787	 1.587837
 0.000440	 0.018407	 9.281583	 1.587532
 0.000442	 0.017674	 9.004524	 1.587226
 0.000445	 0.016937	 8.733602	 1.586918
 0.000447	 0.016196	 8.468797	 1.586610
 0.000450	 0.015451	 8.210086	 1.586300
 0.000452	 0.014702	 7.957436	 1.585989
 0.000455	 0.013950	 7.710808	 1.585677
 0.000457	 0.013194	 7.470158	 1.585365
 0.000460	 0.012435	 7.235433	 1.585051
 0.000462	 0.011673	 7.006576	 1.584737
 0.000465	 0.010908	 6.783525	 1.584422
 0.000467	 0.010140	 6.566215	 1.584107
 0.000470	 0.009369	 6.354572	 1.583792
 0.000472	 0.008597	 6.148524	 1.583476
 0.000475	 0.007822	 5.947990	 1.583159
 0.000477	 0.007045	 5.752888	 1.582843
 0.000480	 0.006267	 5.563134	 1.582526
 0.000482	 0.005487	 5.378638	 1.582210
 0.000485	 0.004706	 5.199313	 1.581893
 0.000487	 0.003923	 5.025064	 1.581577
 0.000490	 0.003140	 4.855796	 1.581261
 0.000492	 0.002356	 4.691415	 1.580945
 0.000495	 0.001571	 4.531826	 1.580630
 0.000497	 0.000786	 4.376930	 1.580315
 0.000500	 0.000000	 4.226628	 1.580000
 0.000502	-0.000785	 4.080822	 1.579686
 0.000505	-0.001570	 3.939412	 1.579373
 0.000507	-0.002355	 3.802299	 1.579061
 0.000510	-0.003139	 3.669383	 1.578749
 0.000512	-0.003923	 3.540565	 1.578439
 0.000515	-0.004705	 3.415745	 1.578129
 0.000517	-0.005486	 3.294827	 1.577820
 0.000520	-0.006266	 3.177711	 1.577513
 0.000522	-0.007045	 3.064301	 1.577207
 0.000525	-0.007821	 2.954501	 1.576902
 0.000527	-0.008596	 2.848217	 1.576599
 0.000530	-0.009369	 2.745353	 1.576296
 0.000532	-0.010139	 2.645819	 1.575996
 0.000535	-0.010907	 2.549521	 1.575697
 0.000537	-0.011672	 2.456371	 1.575399
 0.000540	-0.012434	 2.366279	 1.575104
 0.000542	-0.013193	 2.279160	 1.574810
 0.000545	-0.013949	 2.194926	 1.574517
 0.000547	-0.014702	 2.113495	 1.574227
 0.000550	-0.015451	 2.034784	 1.573939
 0.000552	-0.016196	 1.958713	 1.573653
 0.000555	-0.016937	 1.885202	 1.573369
 0.000557	-0.017674	 1.814175	 1.573087
 0.000560	-0.018406	 1.745555	 1.572807
 0.000562	-0.019134	 1.679270	 1.572529
 0.000565	-0.019857	 1.615248	 1.572254
 0.000567	-0.020576	 1.553417	 1.571981
 0.000570	-0.021289	 1.493709	 1.571711
 0.000572	-0.021997	 1.436059	 1.571443
 0.000575	-0.022699	 1.380400	 1.571178
 0.000577	-0.023396	 1.326670	 1.570915
 0.000580	-0.024088	 1.274806	 1.570655
 0.000582	-0.024773	 1.224750	 1.570398
 0.000585	-0.025452	 1.176443	 1.570143
 0.000587	-0.026125	 1.129828	 1.569891
 0.000590	-0.026791	 1.084850	 1.569642
 0.000592	-0.027451	 1.041457	 1.569396
 0.000595	-0.028104	 0.999596	 1.569153
 0.000598	-0.028750	 0.959217	 1.568913
 0.000600	-0.029389	 0.920272	 1.568676
 0.000603	-0.030021	 0.882714	 1.568442
 0.000605	-0.030645	 0.846497	 1.568211
 0.000608	-0.031262	 0.811577	 1.567984
 0.000610	-0.031871	 0.777912	 1.567759
 0.000613	-0.032472	 0.745459	 1.567538
 0.000615	-0.033066	 0.714180	 1.567320
 0.000618	-0.033651	 0.684035	 1.567106
 0.000620	-0.034227	 0.654987	 1.566895
 0.000623	-0.034796	 0.627000	 1.566687
 0.000625	-0.035355	 0.600040	 1.566483
 0.000628	-0.035906	 0.574072	 1.566282
 0.000630	-0.036448	 0.549065	 1.566085
 0.000633	-0.036982	 0.524987	 1.565891
 0.000635	-0.037506	 0.501807	 1.565701
 0.000638	-0.038020	 0.479498	 1.565515
 0.000640	-0.038526	 0.458030	 1.565332
 0.000643	-0.039021	 0.437377	 1.565153
 0.000645	-0.039508	 0.417514	 1.564977
 0.000648	-0.039984	 0.398414	 1.564806
 0.000650	-0.040451	 0.380055	 1.564638
 0.000653	-0.040907	 0.362412	 1.564474
 0.000655	-0.041354	 0.345464	 1.564313
 0.000658	-0.041790	 0.329190	 1.564157
 0.000660	-0.042216	 0.313569	 1.564005
 0.000663	-0.042632	 0.298580	 1.563856
 0.000665	-0.043037	 0.284207	 1.563711
 0.000668	-0.043432	 0.270429	 1.563570
 0.000670	-0.043815	 0.257231	 1.563434
 0.000673	-0.044188	 0.244595	 1.563301
 0.000675	-0.044550	 0.232506	 1.563172
 0.000678	-0.044901	 0.220948	 1.563048
 0.000680	-0.045241	 0.209908	 1.562927
 0.000683	-0.045570	 0.199370	 1.562810
 0.000685	-0.045888	 0.189323	 1.562698
 0.000688	-0.046194	 0.179753	 1.562589
 0.000690	-0.046489	 0.170648	 1.562485
 0.000693	-0.046772	 0.161998	 1.562385
 0.000695	-0.047044	 0.153790	 1.562289
 0.000698	-0.047304	 0.146016	 1.562197
 0.000700	-0.047553	 0.138666	 1.562109
 0.000703	-0.047790	 0.131729	 1.562026
 0.000705	-0.048015	 0.125198	 1.561947
 0.000708	-0.048228	 0.119065	 1.561872
 0.000710	-0.048429	 0.113322	 1.561801
 0.000713	-0.048619	 0.107961	 1.561734
 0.000715	-0.048796	 0.102977	 1.561672
 0.000718	-0.048961	 0.098362	 1.561614
 0.000720	-0.049114	 0.094112	 1.561560
 0.000723	-0.049255	 0.090221	 1.561511
 0.000725	-0.049384	 0.086684	 1.561466
 0.000728	-0.049501	 0.083497	 1.561425
 0.000730	-0.049606	 0.080656	 1.561388
 0.000733	-0.049698	 0.078158	 1.561356
 0.000735	-0.049778	 0.075998	 1.561328
 0.000738	-0.049846	 0.074176	 1.561304
 0.000740	-0.049901	 0.072688	 1.561285
 0.000743	-0.049945	 0.071532	 1.561269
 0.000745	-0.049975	 0.070708	 1.561259
 0.000748	-0.049994	 0.070214	 1.561252
 0.000750	-0.050000	 0.070049	 1.561250
 0.000753	-0.049994	 0.070214	 1.561252
 0.000755	-0.049975	 0.070708	 1.561259
 0.000758	-0.049944	 0.071533	 1.561269
 0.000760	-0.049901	 0.072688	 1.561285
 0.000763	-0.049846	 0.074177	 1.561304
 0.000765	-0.049778	 0.075999	 1.561328
 0.000768	-0.049698	 0.078159	 1.561356
 0.000770	-0.049606	 0.080658	 1.561388
 0.000773	-0.049501	 0.083499	 1.561425
 0.000775	-0.049384	 0.086686	 1.561466
 0.000778	-0.049255	 0.090223	 1.561511
 0.000780	-0.049114	 0.094114	 1.561560
 0.000783	-0.048961	 0.098364	 1.561614
 0.000785	-0.048796	 0.102979	 1.561672
 0.000788	-0.048618	 0.107963	 1.561734
 0.000790	-0.048429	 0.113324	 1.561801
 0.000793	-0.048228	 0.119068	 1.561872
 0.000795	-0.048015	 0.125201	 1.561947
 0.000798	-0.047790	 0.131732	 1.562026
 0.000800	-0.047553	 0.138669	 1.562110
 0.000803	-0.047304	 0.146020	 1.562197
 0.000805	-0.047044	 0.153794	 1.562289
 0.000808	-0.046772	 0.162001	 1.562385
 0.000810	-0.046489	 0.170652	 1.562485
 0.000813	-0.046194	 0.179757	 1.562589
 0.000815	-0.045888	 0.189327	 1.562698
 0.000818	-0.045570	 0.199375	 1.562810
 0.000820	-0.045241	 0.209912	 1.562927
 0.000823	-0.044901	 0.220953	 1.563048
 0.000825	-0.044550	 0.232511	 1.563172
 0.000828	-0.044188	 0.244601	 1.563301
 0.000830	-0.043815	 0.257237	 1.563434
 0.000833	-0.043431	 0.270435	 1.563571
 0.000835	-0.043037	 0.284213	 1.563711
 0.000838	-0.042632	 0.298587	 1.563856
 0.000840	-0.042216	 0.313575	 1.564005
 0.000843	-0.041790	 0.329197	 1.564157
 0.000845	-0.041354	 0.345472	 1.564314
 0.000848	-0.040907	 0.362420	 1.564474
 0.000850	-0.040451	 0.380063	 1.564638
 0.000853	-0.039984	 0.398423	 1.564806
 0.000855	-0.039508	 0.417522	 1.564977
 0.000858	-0.039021	 0.437386	 1.565153
 0.000860	-0.038525	 0.458039	 1.565332
 0.000863	-0.038020	 0.479507	 1.565515
 0.000865	-0.037505	 0.501817	 1.565701
 0.000868	-0.036981	 0.524997	 1.565891
 0.000870	-0.036448	 0.549076	 1.566085
 0.000873	-0.035906	 0.574083	 1.566282
 0.000875	-0.035355	 0.600051	 1.566483
 0.000878	-0.034795	 0.627012	 1.566687
 0.000880	-0.034227	 0.654999	 1.566895
 0.000883	-0.033650	 0.684048	 1.567106
 0.000885	-0.033065	 0.714193	 1.567321
 0.000888	-0.032472	 0.745473	 1.567538
 0.000890	-0.031871	 0.777926	 1.567760
 0.000893	-0.031262	 0.811592	 1.567984
 0.000895	-0.030645	 0.846513	 1.568212
 0.000898	-0.030021	 0.882730	 1.568442
 0.000900	-0.029389	 0.920289	 1.568676
 0.000903	-0.028750	 0.959234	 1.568913
 0.000905	-0.028104	 0.999613	 1.569153
 0.000908	-0.027451	 1.041475	 1.569396
 0.000910	-0.026791	 1.084869	 1.569643
 0.000913	-0.026124	 1.129847	 1.569891
 0.000915	-0.025452	 1.176463	 1.570143
 0.000918	-0.024772	 1.224771	 1.570398
 0.000920	-0.024087	 1.274828	 1.570655
 0.000923	-0.023396	 1.326693	 1.570915
 0.000925	-0.022699	 1.380424	 1.571178
 0.000928	-0.021996	 1.436083	 1.571443
 0.000930	-0.021288	 1.493734	 1.571711
 0.000933	-0.020575	 1.553443	 1.571982
 0.000935	-0.019857	 1.615275	 1.572254
 0.000938	-0.019134	 1.679298	 1.572530
 0.000940	-0.018406	 1.745585	 1.572807
 0.000943	-0.017673	 1.814205	 1.573087
 0.000945	-0.016936	 1.885233	 1.573369
 0.000948	-0.016195	 1.958745	 1.573653
 0.000950	-0.015450	 2.034817	 1.573939
 0.000953	-0.014701	 2.113529	 1.574227
 0.000955	-0.013949	 2.194962	 1.574518
 0.000958	-0.013193	 2.279196	 1.574810
 0.000960	-0.012434	 2.366317	 1.575104
 0.000963	-0.011672	 2.456410	 1.575399
 0.000965	-0.010907	 2.549562	 1.575697
 0.000968	-0.010139	 2.645861	 1.575996
 0.000970	-0.009368	 2.745397	 1.576296
 0.000973	-0.008596	 2.848262	 1.576599
 0.000975	-0.007821	 2.954548	 1.576902
 0.000978	-0.007044	 3.064349	 1.577207
 0.000980	-0.006266	 3.177760	 1.577513
 0.000983	-0.005486	 3.294878	 1.577821
 0.000985	-0.004705	 3.415798	 1.578129
 0.000988	-0.003922	 3.540619	 1.578439
 0.000990	-0.003139	 3.669439	 1.578749
 0.000993	-0.002355	 3.802356	 1.579061
 0.000995	-0.001570	 3.939472	 1.579373
 0.000998	-0.000785	 4.080884	 1.579686
 0.001000	 0.000001	 4.226692	 1.580000
 0.001003	 0.000786	 4.376995	 1.580315
 0.001005	 0.001571	 4.531893	 1.580630
 0.001008	 0.002356	 4.691485	 1.580945
 0.001010	 0.003140	 4.855867	 1.581261
 0.001013	 0.003924	 5.025137	 1.581577
 0.001015	 0.004706	 5.199390	 1.581894
 0.001018	 0.005487	 5.378721	 1.582210
 0.001020	 0.006267	 5.563221	 1.582527
 0.001023	 0.007046	 5.752980	 1.582843
 0.001025	 0.007822	 5.948087	 1.583160
 0.001028	 0.008597	 6.148626	 1.583476
 0.001030	 0.009370	 6.354680	 1.583792
 0.001033	 0.010140	 6.566327	 1.584107
 0.001035	 0.010908	 6.783643	 1.584423
 0.001038	 0.011673	 7.006699	 1.584737
 0.001040	 0.012435	 7.235562	 1.585051
 0.001043	 0.013194	 7.470294	 1.585365
 0.001045	 0.013950	 7.710950	 1.585678
 0.001048	 0.014703	 7.957584	 1.585989
 0.001050	 0.015452	 8.210240	 1.586300
 0.001053	 0.016197	 8.468957	 1.586610
 0.001055	 0.016938	 8.733769	 1.586918
 0.001058	 0.017675	 9.004700	 1.587226
 0.001060	 0.018407	 9.281766	 1.587532
 0.001063	 0.019135	 9.564978	 1.587837
 0.001065	 0.019858	 9.854336	 1.588140
 0.001068	 0.020576	 10.149832	 1.588442
 0.001070	 0.021290	 10.451449	 1.588743
 0.001073	 0.021998	 10.759161	 1.589041
 0.001075	 0.022700	 11.072928	 1.589338
 0.001078	 0.023397	 11.392705	 1.589633
 0.001080	 0.024088	 11.718431	 1.589926
 0.001083	 0.024774	 12.050037	 1.590216
 0.001085	 0.025453	 12.387440	 1.590505
 0.001088	 0.026126	 12.730544	 1.590792
 0.001090	 0.026792	 13.079245	 1.591076
 0.001093	 0.027452	 13.433423	 1.591358
 0.001095	 0.028105	 13.792944	 1.591637
 0.001098	 0.028751	 14.157660	 1.591914
 0.001100	 0.029390	 14.527414	 1.592188
 0.001103	 0.030022	 14.902031	 1.592459
 0.001105	 0.030646	 15.281321	 1.592728
 0.001108	 0.031263	 15.665084	 1.592994
 0.001110	 0.031872	 16.053099	 1.593257
 0.001113	 0.032473	 16.445139	 1.593517
 0.001115	 0.033066	 16.840956	 1.593773
 0.001118	 0.033651	 17.240286	 1.594027
 0.001120	 0.034228	 17.642857	 1.594277
 0.001123	 0.034796	 18.048374	 1.594524
 0.001125	 0.035356	 18.456537	 1.594767
 0.001128	 0.035907	 18.867023	 1.595007
 0.001130	 0.036449	 19.279501	 1.595244
 0.001133	 0.036982	 19.693619	 1.595477
 0.001135	 0.037506	 20.109020	 1.595706
 0.001138	 0.038021	 20.525326	 1.595931
 0.001140	 0.038526	 20.942154	 1.596153
 0.001143	 0.039022	 21.359102	 1.596370
 0.001145	 0.039508	 21.775759	 1.596584
 0.001148	 0.039985	 22.191696	 1.596793
 0.001150	 0.040451	 22.606485	 1.596999
 0.001153	 0.040908	 23.019686	 1.597200
 0.001155	 0.041355	 23.430834	 1.597397
 0.001158	 0.041791	 23.839476	 1.597590
 0.001160	 0.042217	 24.245138	 1.597778
 0.001163	 0.042633	 24.647345	 1.597962
 0.001165	 0.043038	 25.045616	 1.598141
 0.001168	 0.043432	 25.439459	 1.598316
 0.001170	 0.043816	 25.828386	 1.598486
 0.001173	 0.044189	 26.211908	 1.598652
 0.001175	 0.044551	 26.589514	 1.598813
 0.001178	 0.044902	 26.960716	 1.598969
 0.001180	 0.045242	 27.325020	 1.599120
 0.001183	 0.045571	 27.681923	 1.599267
 0.001185	 0.045888	 28.030937	 1.599408
 0.001188	 0.046194	 28.371571	 1.599545
 0.001190	 0.046489	 28.703344	 1.599676
 0.001193	 0.046773	 29.025780	 1.599803
 0.001195	 0.047044	 29.338400	 1.599924
 0.001198	 0.047305	 29.640755	 1.600041
 0.001200	 0.047553	 29.932390	 1.600152
 0.001203	 0.047790	 30.212866	 1.600258
 0.001205	 0.048015	 30.481754	 1.600359
 0.001208	 0.048228	 30.738640	 1.600454
 0.001210	 0.048429	 30.983131	 1.600544
 0.001213	 0.048619	 31.214840	 1.600629
 0.001215	 0.048796	 31.433409	 1.600709
 0.001218	 0.048961	 31.638479	 1.600783
 0.001220	 0.049115	 31.829735	 1.600852
 0.001223	 0.049256	 32.006859	 1.600915
 0.001225	 0.049385	 32.169571	 1.600973
 0.001228	 0.049501	 32.317604	 1.601026
 0.001230	 0.049606	 32.450714	 1.601073
 0.001233	 0.049698	 32.568684	 1.601114
 0.001235	 0.049778	 32.671322	 1.601150
 0.001238	 0.049846	 32.758453	 1.601181
 0.001240	 0.049901	 32.829941	 1.601206
 0.001243	 0.049945	 32.885662	 1.601225
 0.001245	 0.049975	 32.925514	 1.601239
 0.001248	 0.049994	 32.949451	 1.601247
 0.001250	 0.050000	 32.957417	 1.601250
 0.001253	 0.049994	 32.949402	 1.601247
 0.001255	 0.049975	 32.925415	 1.601239
 0.001258	 0.049944	 32.885509	 1.601225
 0.001260	 0.049901	 32.829742	 1.601206
 0.001263	 0.049846	 32.758205	 1.601181
 0.001265	 0.049778	 32.671028	 1.601150
 0.001268	 0.049698	 32.568340	 1.601114
 0.001270	 0.049606	 32.450317	 1.601073
 0.001273	 0.049501	 32.317162	 1.601026
 0.001275	 0.049384	 32.169083	 1.600973
 0.001278	 0.049255	 32.006325	 1.600915
 0.001280	 0.049114	 31.829155	 1.600852
 0.001283	 0.048961	 31.637857	 1.600783
 0.001285	 0.048796	 31.432745	 1.600709
 0.001288	 0.048618	 31.214134	 1.600629
 0.001290	 0.048429	 30.982384	 1.600544
 0.001293	 0.048228	 30.737854	 1.600454
 0.001295	 0.048014	 30.480927	 1.600358
 0.001298	 0.047789	 30.212000	 1.600258
 0.001300	 0.047552	 29.931490	 1.600152
 0.001303	 0.047304	 29.639826	 1.600040
 0.001305	 0.047044	 29.337435	 1.599924
 0.001308	 0.046772	 29.024782	 1.599802
 0.001310	 0.046488	 28.702316	 1.599676
 0.001313	 0.046193	 28.370516	 1.599544
 0.001315	 0.045887	 28.029854	 1.599408
 0.001318	 0.045570	 27.680817	 1.599266
 0.001320	 0.045241	 27.323885	 1.599120
 0.001323	 0.044901	 26.959560	 1.598968
 0.001325	 0.044550	 26.588341	 1.598812
 0.001328	 0.044188	 26.210711	 1.598651
 0.001330	 0.043815	 25.827177	 1.598486
 0.001333	 0.043431	 25.438234	 1.598315
 0.001335	 0.043036	 25.044374	 1.598141
 0.001338	 0.042631	 24.646090	 1.597961
 0.001340	 0.042216	 24.243870	 1.597777
 0.001343	 0.041790	 23.838198	 1.597589
 0.001345	 0.041353	 23.429546	 1.597396
 0.001348	 0.040907	 23.018391	 1.597199
 0.001350	 0.040450	 22.605186	 1.596998
 0.001353	 0.039983	 22.190393	 1.596793
 0.001355	 0.039507	 21.774452	 1.596583
 0.001358	 0.039021	 21.357792	 1.596370
 0.001360	 0.038525	 20.940847	 1.596152
 0.001363	 0.038019	 20.524021	 1.595930
 0.001365	 0.037505	 20.107714	 1.595705
 0.001368	 0.036981	 19.692318	 1.595476
 0.001370	 0.036447	 19.278202	 1.595243
 0.001373	 0.035905	 18.865732	 1.595007
 0.001375	 0.035354	 18.455252	 1.594767
 0.001378	 0.034795	 18.047098	 1.594523
 0.001380	 0.034226	 17.641588	 1.594276
 0.001383	 0.033650	 17.239025	 1.594026
 0.001385	 0.033064	 16.839708	 1.593772
 0.001388	 0.032471	 16.443903	 1.593516
 0.001390	 0.031870	 16.051876	 1.593256
 0.001393	 0.031261	 15.663871	 1.592993
 0.001395	 0.030644	 15.280125	 1.592727
 0.001398	 0.030020	 14.900847	 1.592458
 0.001400	 0.029388	 14.526245	 1.592187
 0.001403	 0.028749	 14.156507	 1.591913
 0.001405	 0.028103	 13.791807	 1.591636
 0.001408	 0.027450	 13.432303	 1.591357
 0.001410	 0.026790	 13.078142	 1.591075
 0.001413	 0.026124	 12.729459	 1.590791
 0.001415	 0.025451	 12.386372	 1.590504
 0.001418	 0.024772	 12.048987	 1.590215
 0.001420	 0.024086	 11.717400	 1.589925
 0.001423	 0.023395	 11.391692	 1.589632
 0.001425	 0.022698	 11.071935	 1.589337
 0.001428	 0.021996	 10.758185	 1.589040
 0.001430	 0.021288	 10.450493	 1.588742
 0.001433	 0.020574	 10.148895	 1.588441
 0.001435	 0.019856	 9.853417	 1.588139
 0.001438	 0.019133	 9.564079	 1.587836
 0.001440	 0.018405	 9.280887	 1.587531
 0.001443	 0.017672	 9.003839	 1.587225
 0.001445	 0.016935	 8.732929	 1.586918
 0.001448	 0.016194	 8.468137	 1.586609
 0.001450	 0.015449	 8.209438	 1.586299
 0.001453	 0.014700	 7.956801	 1.585988
 0.001455	 0.013948	 7.710186	 1.585676
 0.001458	 0.013192	 7.469547	 1.585364
 0.001460	 0.012433	 7.234835	 1.585050
 0.001463	 0.011671	 7.005991	 1.584736
 0.001465	 0.010906	 6.782952	 1.584422
 0.001468	 0.010138	 6.565654	 1.584106
 0.001470	 0.009367	 6.354024	 1.583791
 0.001473	 0.008595	 6.147988	 1.583475
 0.001475	 0.007820	 5.947466	 1.583159
 0.001478	 0.007043	 5.752377	 1.582842
 0.001480	 0.006265	 5.562634	 1.582526
 0.001483	 0.005485	 5.378150	 1.582209
 0.001485	 0.004704	 5.198836	 1.581892
 0.001488	 0.003921	 5.024599	 1.581576
 0.001490	 0.003138	 4.855344	 1.581260
 0.001493	 0.002354	 4.690977	 1.580944
 0.001495	 0.001569	 4.531400	 1.580629
 0.001498	 0.000784	 4.376516	 1.580314
 0.001500	-0.000002	 4.226227	 1.579999
 0.001503	-0.000787	 4.080433	 1.579685
 0.001505	-0.001572	 3.939035	 1.579372
 0.001508	-0.002357	 3.801933	 1.579060
 0.001510	-0.003141	 3.669029	 1.578748
 0.001513	-0.003925	 3.540221	 1.578438
 0.001515	-0.004707	 3.415413	 1.578128
 0.001518	-0.005489	 3.294504	 1.577820
 0.001520	-0.006268	 3.177399	 1.577512
 0.001523	-0.007047	 3.063999	 1.577206
 0.001525	-0.007824	 2.954209	 1.576901
 0.001528	-0.008598	 2.847934	 1.576598
 0.001530	-0.009371	 2.745079	 1.576296
 0.001533	-0.010141	 2.645553	 1.575995
 0.001535	-0.010909	 2.549265	 1.575696
 0.001538	-0.011674	 2.456123	 1.575398
 0.001540	-0.012436	 2.366040	 1.575103
 0.001543	-0.013195	 2.278928	 1.574809
 0.001545	-0.013951	 2.194702	 1.574517
 0.001548	-0.014704	 2.113278	 1.574227
 0.001550	-0.015453	 2.034575	 1.573938
 0.001553	-0.016198	 1.958510	 1.573652
 0.001555	-0.016939	 1.885006	 1.573368
 0.001558	-0.017676	 1.813986	 1.573086
 0.001560	-0.018408	 1.745373	 1.572806
 0.001563	-0.019136	 1.679094	 1.572529
 0.001565	-0.019859	 1.615077	 1.572253
 0.001568	-0.020577	 1.553252	 1.571981
 0.001570	-0.021291	 1.493551	 1.571710
 0.001573	-0.021999	 1.435906	 1.571442
 0.001575	-0.022701	 1.380252	 1.571177
 0.001578	-0.023398	 1.326527	 1.570915
 0.001580	-0.024089	 1.274669	 1.570654
 0.001583	-0.024775	 1.224617	 1.570397
 0.001585	-0.025454	 1.176314	 1.570142
 0.001588	-0.026127	 1.129704	 1.569891
 0.001590	-0.026793	 1.084731	 1.569642
 0.001593	-0.027453	 1.041341	 1.569396
 0.001595	-0.028106	 0.999484	 1.569153
 0.001598	-0.028752	 0.959110	 1.568913
 0.001600	-0.029391	 0.920169	 1.568676
 0.001603	-0.030023	 0.882614	 1.568442
 0.001605	-0.030647	 0.846401	 1.568211
 0.001608	-0.031264	 0.811485	 1.567983
 0.001610	-0.031873	 0.777822	 1.567759
 0.001613	-0.032474	 0.745373	 1.567538
 0.001615	-0.033067	 0.714097	 1.567320
 0.001618	-0.033652	 0.683955	 1.567105
 0.001620	-0.034229	 0.654910	 1.566894
 0.001623	-0.034797	 0.626926	 1.566687
 0.001625	-0.035357	 0.599968	 1.566482
 0.001628	-0.035908	 0.574003	 1.566282
 0.001630	-0.036450	 0.548998	 1.566084
 0.001633	-0.036983	 0.524923	 1.565891
 0.001635	-0.037507	 0.501746	 1.565701
 0.001638	-0.038022	 0.479438	 1.565514
 0.001640	-0.038527	 0.457973	 1.565331
 0.001643	-0.039023	 0.437323	 1.565152
 0.001645	-0.039509	 0.417461	 1.564977
 0.001648	-0.039985	 0.398364	 1.564805
 0.001650	-0.040452	 0.380006	 1.564637
 0.001653	-0.040909	 0.362366	 1.564473
 0.001655	-0.041355	 0.345420	 1.564313
 0.001658	-0.041792	 0.329147	 1.564157
 0.001660	-0.042218	 0.313527	 1.564004
 0.001663	-0.042633	 0.298541	 1.563856
 0.001665	-0.043038	 0.284169	 1.563711
 0.001668	-0.043433	 0.270393	 1.563570
 0.001670	-0.043816	 0.257196	 1.563433
 0.001673	-0.044189	 0.244562	 1.563301
 0.001675	-0.044551	 0.232474	 1.563172
 0.001678	-0.044902	 0.220918	 1.563047
 0.001680	-0.045242	 0.209879	 1.562927
 0.001683	-0.045571	 0.199343	 1.562810
 0.001685	-0.045889	 0.189296	 1.562697
 0.001688	-0.046195	 0.179728	 1.562589
 0.001690	-0.046490	 0.170624	 1.562485
 0.001693	-0.046773	 0.161975	 1.562385
 0.001695	-0.047045	 0.153769	 1.562289
 0.001698	-0.047305	 0.145996	 1.562197
 0.001700	-0.047554	 0.138646	 1.562109
 0.001703	-0.047790	 0.131711	 1.562026
 0.001705	-0.048015	 0.125181	 1.561947
 0.001708	-0.048228	 0.119049	 1.561872
 0.001710	-0.048430	 0.113307	 1.561801
 0.001713	-0.048619	 0.107947	 1.561734
 0.001715	-0.048796	 0.102964	 1.561672
 0.001718	-0.048962	 0.098350	 1.561614
 0.001720	-0.049115	 0.094101	 1.561560
 0.001723	-0.049256	 0.090211	 1.561511
 0.001725	-0.049385	 0.086675	 1.561466
 0.001728	-0.049502	 0.083489	 1.561425
 0.001730	-0.049606	 0.080649	 1.561388
 0.001733	-0.049698	 0.078151	 1.561356
 0.001735	-0.049778	 0.075993	 1.561328
 0.001738	-0.049846	 0.074171	 1.561304
 0.001740	-0.049901	 0.072684	 1.561285
 0.001743	-0.049945	 0.071529	 1.561269
 0.001745	-0.049975	 0.070706	 1.561259
 0.001748	-0.049994	 0.070213	 1.561252
 0.001750	-0.050000	 0.070049	 1.561250
 0.001753	-0.049994	 0.070215	 1.561252
 0.001755	-0.049975	 0.070710	 1.561259
 0.001758	-0.049944	 0.071535	 1.561270
 0.001760	-0.049901	 0.072692	 1.561285
 0.001763	-0.049846	 0.074181	 1.561304
 0.001765	-0.049778	 0.076005	 1.561328
 0.001768	-0.049698	 0.078165	 1.561356
 0.001770	-0.049605	 0.080665	 1.561388
 0.001773	-0.049501	 0.083507	 1.561425
 0.001775	-0.049384	 0.086695	 1.561466
 0.001778	-0.049255	 0.090233	 1.561511
 0.001780	-0.049114	 0.094125	 1.561561
 0.001783	-0.048961	 0.098376	 1.561614
 0.001785	-0.048795	 0.102992	 1.561672
 0.001788	-0.048618	 0.107977	 1.561735
 0.001790	-0.048429	 0.113339	 1.561801
 0.001793	-0.048227	 0.119084	 1.561872
 0.001795	-0.048014	 0.125218	 1.561947
 0.001798	-0.047789	 0.131750	 1.562026
 0.001800	-0.047552	 0.138688	 1.562110
 0.001803	-0.047303	 0.146040	 1.562197
 0.001805	-0.047043	 0.153816	 1.562289
 0.001808	-0.046771	 0.162024	 1.562385
 0.001810	-0.046488	 0.170676	 1.562485
 0.001813	-0.046193	 0.179782	 1.562590
 0.001815	-0.045887	 0.189354	 1.562698
 0.001818	-0.045569	 0.199403	 1.562811
 0.001820	-0.045240	 0.209942	 1.562927
 0.001823	-0.044900	 0.220984	 1.563048
 0.001825	-0.044549	 0.232543	 1.563173
 0.001828	-0.044187	 0.244634	 1.563301
 0.001830	-0.043814	 0.257272	 1.563434
 0.001833	-0.043430	 0.270472	 1.563571
 0.001835	-0.043036	 0.284251	 1.563712
 0.001838	-0.042631	 0.298627	 1.563856
 0.001840	-0.042215	 0.313617	 1.564005
 0.001843	-0.041789	 0.329240	 1.564158
 0.001845	-0.041353	 0.345517	 1.564314
 0.001848	-0.040906	 0.362467	 1.564474
 0.001850	-0.040449	 0.380111	 1.564638
 0.001853	-0.039983	 0.398473	 1.564806
 0.001855	-0.039506	 0.417575	 1.564978
 0.001858	-0.039020	 0.437441	 1.565153
 0.001860	-0.038524	 0.458096	 1.565332
 0.001863	-0.038019	 0.479566	 1.565515
 0.001865	-0.037504	 0.501879	 1.565702
 0.001868	-0.036980	 0.525061	 1.565892
 0.001870	-0.036447	 0.549142	 1.566085
 0.001873	-0.035905	 0.574152	 1.566283
 0.001875	-0.035354	 0.600123	 1.566483
 0.001878	-0.034794	 0.627087	 1.566688
 0.001880	-0.034225	 0.655077	 1.566895
 0.001883	-0.033649	 0.684128	 1.567107
 0.001885	-0.033064	 0.714276	 1.567321
 0.001888	-0.032470	 0.745559	 1.567539
 0.001890	-0.031869	 0.778016	 1.567760
 0.001893	-0.031260	 0.811685	 1.567985
 0.001895	-0.030643	 0.846609	 1.568212
 0.001898	-0.030019	 0.882830	 1.568443
 0.001900	-0.029387	 0.920392	 1.568677
 0.001903	-0.028748	 0.959342	 1.568914
 0.001905	-0.028102	 0.999725	 1.569154
 0.001908	-0.027449	 1.041590	 1.569397
 0.001910	-0.026789	 1.084989	 1.569643
 0.001913	-0.026123	 1.129971	 1.569892
 0.001915	-0.025450	 1.176592	 1.570144
 0.001918	-0.024771	 1.224905	 1.570399
 0.001920	-0.024085	 1.274966	 1.570656
 0.001923	-0.023394	 1.326836	 1.570916
 0.001925	-0.022697	 1.380572	 1.571179
 0.001928	-0.021995	 1.436237	 1.571444
 0.001930	-0.021287	 1.493894	 1.571712
 0.001933	-0.020573	 1.553607	 1.571982
 0.001935	-0.019855	 1.615445	 1.572255
 0.001938	-0.019132	 1.679475	 1.572530
 0.001940	-0.018404	 1.745767	 1.572808
 0.001943	-0.017671	 1.814394	 1.573088
 0.001945	-0.016934	 1.885429	 1.573370
 0.001948	-0.016193	 1.958947	 1.573654
 0.001950	-0.015448	 2.035027	 1.573940
 0.001953	-0.014699	 2.113746	 1.574228
 0.001955	-0.013947	 2.195182	 1.574518
 0.001958	-0.013191	 2.279420	 1.574811
 0.001960	-0.012432	 2.366545	 1.575104
 0.001963	-0.011670	 2.456641	 1.575400
 0.001965	-0.010905	 2.549796	 1.575698
 0.001968	-0.010137	 2.646098	 1.575997
 0.001970	-0.009367	 2.745638	 1.576297
 0.001973	-0.008594	 2.848506	 1.576599
 0.001975	-0.007819	 2.954795	 1.576903
 0.001978	-0.007043	 3.064599	 1.577208
 0.001980	-0.006264	 3.178013	 1.577514
 0.001983	-0.005484	 3.295133	 1.577821
 0.001985	-0.004703	 3.416056	 1.578130
 0.001988	-0.003921	 3.540880	 1.578439
 0.001990	-0.003137	 3.669702	 1.578750
 0.001993	-0.002353	 3.802622	 1.579062
 0.001995	-0.001568	 3.939739	 1.579374
 0.001998	-0.000783	 4.081152	 1.579687
 0.002000	 0.000002	 4.226962	 1.580001
 0.002003	 0.000787	 4.377266	 1.580315
 0.002005	 0.001573	 4.532166	 1.580630
 0.002008	 0.002357	 4.691758	 1.580946
 0.002010	 0.003142	 4.856140	 1.581262
 0.002013	 0.003925	 5.025410	 1.581578
 0.002015	 0.004707	 5.199664	 1.581894
 0.002018	 0.005489	 5.378993	 1.582211
 0.002020	 0.006269	 5.563492	 1.582527
 0.002023	 0.007047	 5.753250	 1.582844
 0.002025	 0.007824	 5.948355	 1.583160
 0.002028	 0.008598	 6.148892	 1.583476
 0.002030	 0.009371	 6.354944	 1.583792
 0.002033	 0.010141	 6.566588	 1.584108
 0.002035	 0.010909	 6.783901	 1.584423
 0.002038	 0.011674	 7.006953	 1.584738
 0.002040	 0.012436	 7.235811	 1.585052
 0.002043	 0.013195	 7.470539	 1.585365
 0.002045	 0.013951	 7.711190	 1.585678
 0.002048	 0.014703	 7.957818	 1.585989
 0.002050	 0.015452	 8.210468	 1.586300
 0.002053	 0.016197	 8.469180	 1.586610
 0.002055	 0.016938	 8.733984	 1.586919
 0.002058	 0.017675	 9.004906	 1.587226
 0.002060	 0.018408	 9.281963	 1.587532
 0.002063	 0.019135	 9.565166	 1.587837
 0.002065	 0.019859	 9.854515	 1.588141
 0.002068	 0.020577	 10.150001	 1.588442
 0.002070	 0.021290	 10.451609	 1.588743
 0.002073	 0.021998	 10.759307	 1.589041
 0.002075	 0.022701	 11.073064	 1.589338
 0.002078	 0.023398	 11.392828	 1.589633
 0.002080	 0.024089	 11.718540	 1.589926
 0.002083	 0.024774	 12.050133	 1.590216
 0.002085	 0.025453	 12.387521	 1.590505
 0.002088	 0.026126	 12.730611	 1.590792
 0.002090	 0.026792	 13.079297	 1.591076
 0.002093	 0.027452	 13.433458	 1.591358
 0.002095	 0.028105	 13.792963	 1.591637
 0.002098	 0.028751	 14.157662	 1.591914
 0.002100	 0.029390	 14.527399	 1.592188
 0.002103	 0.030022	 14.901999	 1.592459
 0.002105	 0.030646	 15.281271	 1.592728
 0.002108	 0.031263	 15.665013	 1.592994
 0.002110	 0.031872	 16.053013	 1.593257
 0.002113	 0.032473	 16.445030	 1.593516
 0.002115	 0.033066	 16.840826	 1.593773
 0.002118	 0.033651	 17.240141	 1.594027
 0.002120	 0.034228	 17.642687	 1.594277
 0.002123	 0.034796	 18.048187	 1.594524
 0.002125	 0.035356	 18.456331	 1.594767
 0.002128	 0.035907	 18.866796	 1.595007
 0.002130	 0.036449	 19.279251	 1.595244
 0.002133	 0.036982	 19.693350	 1.595477
 0.002135	 0.037506	 20.108732	 1.595706
 0.002138	 0.038021	 20.525021	 1.595931
 0.002140	 0.038526	 20.941828	 1.596152
 0.002143	 0.039022	 21.358755	 1.596370
 0.002145	 0.039508	 21.775393	 1.596584
 0.002148	 0.039984	 22.191313	 1.596793
 0.002150	 0.040451	 22.606085	 1.596999
 0.002153	 0.040908	 23.019262	 1.597200
 0.002155	 0.041354	 23.430399	 1.597397
 0.002158	 0.041790	 23.839024	 1.597589
 0.002160	 0.042216	 24.244673	 1.597778
 0.002163	 0.042632	 24.646866	 1.597962
 0.002165	 0.043037	 25.045120	 1.598141
 0.002168	 0.043432	 25.438953	 1.598316
 0.002170	 0.043815	 25.827871	 1.598486
 0.002173	 0.044188	 26.211374	 1.598652
 0.002175	 0.044550	 26.588974	 1.598812
 0.002178	 0.044901	 26.960173	 1.598969
 0.002180	 0.045241	 27.324469	 1.599120
 0.002183	 0.045570	 27.681366	 1.599266
 0.002185	 0.045888	 28.030376	 1.599408
 0.002188	 0.046194	 28.371008	 1.599544
 0.002190	 0.046489	 28.702784	 1.599676
 0.002193	 0.046772	 29.025215	 1.599803
 0.002195	 0.047044	 29.337845	 1.599924
 0.002198	 0.047304	 29.640202	 1.600041
 0.002200	 0.047553	 29.931845	 1.600152
 0.002203	 0.047790	 30.212328	 1.600258
 0.002205	 0.048015	 30.481226	 1.600358
 0.002208	 0.048228	 30.738129	 1.600454
 0.002210	 0.048429	 30.982634	 1.600544
 0.002213	 0.048618	 31.214359	 1.600629
 0.002215	 0.048796	 31.432947	 1.600709
 0.002218	 0.048961	 31.638041	 1.600783
 0.002220	 0.049114	 31.829311	 1.600852
 0.002222	 0.049255	 32.006466	 1.600915
 0.002225	 0.049384	 32.169201	 1.600973
 0.002227	 0.049501	 32.317265	 1.601026
 0.002230	 0.049606	 32.450405	 1.601073
 0.002232	 0.049698	 32.568409	 1.601114
 0.002235	 0.049778	 32.671078	 1.601150
 0.002237	 0.049846	 32.758247	 1.601181
 0.002240	 0.049901	 32.829773	 1.601206
 0.002242	 0.049944	 32.885536	 1.601225
 0.002245	 0.049975	 32.925426	 1.601239
 0.002247	 0.049994	 32.949406	 1.601247
 0.002250	 0.050000	 32.957417	 1.601250
 0.002252	 0.049994	 32.949444	 1.601247
 0.002255	 0.049975	 32.925510	 1.601239
 0.002257	 0.049945	 32.885654	 1.601225
 0.002260	 0.049901	 32.829937	 1.601206
 0.002262	 0.049846	 32.758450	 1.601181
 0.002265	 0.049778	 32.671318	 1.601150
 0.002267	 0.049698	 32.568687	 1.601114
 0.002270	 0.049606	 32.450722	 1.601073
 0.002272	 0.049501	 32.317623	 1.601026
 0.002275	 0.049385	 32.169594	 1.600973
 0.002277	 0.049256	 32.006893	 1.600915
 0.002280	 0.049115	 31.829781	 1.600852
 0.002282	 0.048961	 31.638540	 1.600783
 0.002285	 0.048796	 31.433481	 1.600709
 0.002287	 0.048619	 31.214931	 1.600629
 0.002290	 0.048430	 30.983236	 1.600544
 0.002292	 0.048228	 30.738766	 1.600454
 0.002295	 0.048015	 30.481892	 1.600359
 0.002297	 0.047790	 30.213024	 1.600258
 0.002300	 0.047553	 29.932571	 1.600152
 0.002302	 0.047305	 29.640955	 1.600041
 0.002305	 0.047045	 29.338623	 1.599924
 0.002307	 0.046773	 29.026022	 1.599803
 0.002310	 0.046489	 28.703611	 1.599676
 0.002312	 0.046195	 28.371859	 1.599545
 0.002315	 0.045888	 28.031252	 1.599408
 0.002317	 0.045571	 27.682261	 1.599267
 0.002320	 0.045242	 27.325380	 1.599120
 0.002322	 0.044902	 26.961102	 1.598969
 0.002325	 0.044551	 26.589922	 1.598813
 0.002327	 0.044189	 26.212339	 1.598652
 0.002330	 0.043816	 25.828848	 1.598486
 0.002332	 0.043433	 25.439943	 1.598316
 0.002335	 0.043038	 25.046124	 1.598141
 0.002337	 0.042633	 24.647875	 1.597962
 0.002340	 0.042218	 24.245691	 1.597778
 0.002342	 0.041792	 23.840052	 1.597590
 0.002345	 0.041355	 23.431435	 1.597397
 0.002347	 0.040909	 23.020306	 1.597200
 0.002350	 0.040452	 22.607132	 1.596999
 0.002352	 0.039986	 22.192362	 1.596794
 0.002355	 0.039509	 21.776443	 1.596584
 0.002357	 0.039023	 21.359810	 1.596371
 0.002360	 0.038527	 20.942883	 1.596153
 0.002362	 0.038022	 20.526073	 1.595932
 0.002365	 0.037507	 20.109785	 1.595706
 0.002367	 0.036983	 19.694401	 1.595477
 0.002370	 0.036450	 19.280296	 1.595244
 0.002372	 0.035908	 18.867836	 1.595008
 0.002375	 0.035357	 18.457365	 1.594768
 0.002377	 0.034797	 18.049215	 1.594524
 0.002380	 0.034229	 17.643709	 1.594278
 0.002382	 0.033653	 17.241154	 1.594027
 0.002385	 0.033068	 16.841831	 1.593774
 0.002387	 0.032474	 16.446028	 1.593517
 0.002390	 0.031873	 16.053999	 1.593257
 0.002392	 0.031264	 15.665991	 1.592994
 0.002395	 0.030648	 15.282236	 1.592729
 0.002397	 0.030023	 14.902951	 1.592460
 0.002400	 0.029392	 14.528340	 1.592188
 0.002402	 0.028753	 14.158591	 1.591914
 0.002405	 0.028107	 13.793879	 1.591638
 0.002407	 0.027454	 13.434361	 1.591358
 0.002410	 0.026794	 13.080186	 1.591077
 0.002412	 0.026128	 12.731486	 1.590792
 0.002415	 0.025455	 12.388382	 1.590506
 0.002417	 0.024776	 12.050979	 1.590217
 0.002420	 0.024090	 11.719372	 1.589926
 0.002422	 0.023399	 11.393644	 1.589633
 0.002425	 0.022702	 11.073865	 1.589339
 0.002427	 0.022000	 10.760094	 1.589042
 0.002430	 0.021292	 10.452378	 1.588743
 0.002432	 0.020579	 10.150756	 1.588443
 0.002435	 0.019860	 9.855254	 1.588141
 0.002437	 0.019137	 9.565890	 1.587838
 0.002440	 0.018409	 9.282672	 1.587533
 0.002442	 0.017677	 9.005599	 1.587227
 0.002445	 0.016940	 8.734661	 1.586920
 0.002447	 0.016199	 8.469842	 1.586611
 0.002450	 0.015454	 8.211115	 1.586301
 0.002452	 0.014705	 7.958449	 1.585990
 0.002455	 0.013953	 7.711806	 1.585679
 0.002457	 0.013197	 7.471139	 1.585366
 0.002460	 0.012438	 7.236398	 1.585052
 0.002462	 0.011676	 7.007525	 1.584738
 0.002465	 0.010911	 6.784458	 1.584424
 0.002467	 0.010143	 6.567131	 1.584109
 0.002470	 0.009373	 6.355472	 1.583793
 0.002472	 0.008600	 6.149406	 1.583477
 0.002475	 0.007825	 5.948855	 1.583161
 0.002477	 0.007049	 5.753737	 1.582844
 0.002480	 0.006270	 5.563965	 1.582528
 0.002482	 0.005491	 5.379453	 1.582211
 0.002485	 0.004709	 5.200110	 1.581895
 0.002487	 0.003927	 5.025845	 1.581578
 0.002490	 0.003144	 4.856562	 1.581262
 0.002492	 0.002359	 4.692167	 1.580947
 0.002495	 0.001575	 4.532563	 1.580631
 0.002497	 0.000789	 4.377652	 1.580316
 0.002500	 0.000004	 4.227336	 1.580002
 0.002502	-0.000781	 4.081515	 1.579688
 0.002505	-0.001566	 3.940091	 1.579375
 0.002507	-0.002351	 3.802963	 1.579062
 0.002510	-0.003135	 3.670033	 1.578751
 0.002512	-0.003919	 3.541200	 1.578440
 0.002515	-0.004701	 3.416367	 1.578131
 0.002517	-0.005482	 3.295434	 1.577822
 0.002520	-0.006262	 3.178305	 1.577515
 0.002522	-0.007041	 3.064882	 1.577209
 0.002525	-0.007817	 2.955068	 1.576904
 0.002527	-0.008592	 2.848770	 1.576600
 0.002530	-0.009365	 2.745894	 1.576298
 0.002532	-0.010135	 2.646346	 1.575997
 0.002535	-0.010903	 2.550036	 1.575698
 0.002537	-0.011668	 2.456873	 1.575401
 0.002540	-0.012430	 2.366769	 1.575105
 0.002542	-0.013189	 2.279637	 1.574811
 0.002545	-0.013945	 2.195392	 1.574519
 0.002547	-0.014698	 2.113949	 1.574229
 0.002550	-0.015446	 2.035226	 1.573941
 0.002552	-0.016191	 1.959144	 1.573655
 0.002555	-0.016932	 1.885622	 1.573370
 0.002557	-0.017669	 1.814584	 1.573088
 0.002560	-0.018402	 1.745953	 1.572809
 0.002562	-0.019130	 1.679658	 1.572531
 0.002565	-0.019853	 1.615624	 1.572256
 0.002567	-0.020571	 1.553784	 1.571983
 0.002570	-0.021284	 1.494066	 1.571713
 0.002572	-0.021992	 1.436406	 1.571445
 0.002575	-0.022695	 1.380738	 1.571180
 0.002577	-0.023392	 1.326999	 1.570917
 0.002580	-0.024083	 1.275126	 1.570657
 0.002582	-0.024768	 1.225061	 1.570399
 0.002585	-0.025448	 1.176745	 1.570145
 0.002587	-0.026120	 1.130121	 1.569893
 0.002590	-0.026787	 1.085135	 1.569644
 0.002592	-0.027447	 1.041734	 1.569398
 0.002595	-0.028100	 0.999865	 1.569155
 0.002597	-0.028746	 0.959479	 1.568915
 0.002600	-0.029385	 0.920527	 1.568678
 0.002602	-0.030017	 0.882961	 1.568444
 0.002605	-0.030641	 0.846737	 1.568213
 0.002607	-0.031258	 0.811810	 1.567985
 0.002610	-0.031867	 0.778138	 1.567761
 0.002612	-0.032468	 0.745679	 1.567540
 0.002615	-0.033061	 0.714392	 1.567322
 0.002617	-0.033646	 0.684241	 1.567107
 0.002620	-0.034223	 0.655187	 1.566896
 0.002622	-0.034792	 0.627194	 1.566689
 0.002625	-0.035351	 0.600228	 1.566484
 0.002627	-0.035902	 0.574255	 1.566284
 0.002630	-0.036445	 0.549242	 1.566086
 0.002632	-0.036978	 0.525158	 1.565893
 0.002635	-0.037502	 0.501973	 1.565702
 0.002637	-0.038017	 0.479659	 1.565516
 0.002640	-0.038522	 0.458186	 1.565333
 0.002642	-0.039018	 0.437528	 1.565154
 0.002645	-0.039504	 0.417660	 1.564979
 0.002647	-0.039981	 0.398555	 1.564807
 0.002650	-0.040447	 0.380191	 1.564639
 0.002652	-0.040904	 0.362544	 1.564475
 0.002655	-0.041351	 0.345592	 1.564315
 0.002657	-0.041787	 0.329313	 1.564158
 0.002660	-0.042213	 0.313687	 1.564006
 0.002662	-0.042629	 0.298695	 1.563857
 0.002665	-0.043034	 0.284317	 1.563712
 0.002667	-0.043428	 0.270536	 1.563572
 0.002670	-0.043812	 0.257334	 1.563435
 0.002672	-0.044185	 0.244694	 1.563302
 0.002675	-0.044547	 0.232601	 1.563173
 0.002677	-0.044899	 0.221040	 1.563048
 0.002680	-0.045239	 0.209996	 1.562928
 0.002682	-0.045568	 0.199454	 1.562811
 0.002685	-0.045885	 0.189404	 1.562699
 0.002687	-0.046192	 0.179830	 1.562590
 0.002690	-0.046486	 0.170722	 1.562486
 0.002692	-0.046770	 0.162068	 1.562386
 0.002695	-0.047042	 0.153858	 1.562290
 0.002697	-0.047302	 0.146080	 1.562198
 0.002700	-0.047551	 0.138727	 1.562110
 0.002702	-0.047788	 0.131787	 1.562027
 0.002705	-0.048013	 0.125253	 1.561947
 0.002707	-0.048226	 0.119117	 1.561872
 0.002710	-0.048427	 0.113370	 1.561802
 0.002712	-0.048617	 0.108006	 1.561735
 0.002715	-0.048794	 0.103019	 1.561673
 0.002717	-0.048960	 0.098402	 1.561615
 0.002720	-0.049113	 0.094148	 1.561561
 0.002722	-0.049254	 0.090254	 1.561511
 0.002725	-0.049383	 0.086715	 1.561466
 0.002727	-0.049500	 0.083525	 1.561425
 0.002730	-0.049605	 0.080681	 1.561388
 0.002732	-0.049697	 0.078179	 1.561356
 0.002735	-0.049777	 0.076017	 1.561328
 0.002737	-0.049845	 0.074191	 1.561304
 0.002740	-0.049901	 0.072700	 1.561285
 0.002742	-0.049944	 0.071541	 1.561270
 0.002745	-0.049975	 0.070714	 1.561259
 0.002747	-0.049994	 0.070217	 1.561252
 0.002750	-0.050000	 0.070049	 1.561250
 0.002752	-0.049994	 0.070211	 1.561252
 0.002755	-0.049976	 0.070702	 1.561259
 0.002757	-0.049945	 0.071523	 1.561269
 0.002760	-0.049902	 0.072676	 1.561284
 0.002762	-0.049846	 0.074161	 1.561304
 0.002765	-0.049779	 0.075980	 1.561327
 0.002767	-0.049699	 0.078136	 1.561355
 0.002770	-0.049607	 0.080631	 1.561388
 0.002772	-0.049502	 0.083469	 1.561424
 0.002775	-0.049386	 0.086653	 1.561465
 0.002777	-0.049257	 0.090186	 1.561510
 0.002780	-0.049116	 0.094073	 1.561560
 0.002782	-0.048963	 0.098320	 1.561614
 0.002785	-0.048798	 0.102931	 1.561672
 0.002787	-0.048620	 0.107911	 1.561734
 0.002790	-0.048431	 0.113268	 1.561800
 0.002792	-0.048230	 0.119007	 1.561871
 0.002795	-0.048017	 0.125136	 1.561946
 0.002797	-0.047792	 0.131663	 1.562025
 0.002800	-0.047555	 0.138595	 1.562109
 0.002802	-0.047307	 0.145941	 1.562196
 0.002805	-0.047047	 0.153710	 1.562288
 0.002807	-0.046775	 0.161913	 1.562384
 0.002810	-0.046492	 0.170558	 1.562484
 0.002812	-0.046197	 0.179658	 1.562588
 0.002815	-0.045891	 0.189223	 1.562697
 0.002817	-0.045573	 0.199265	 1.562809
 0.002820	-0.045245	 0.209797	 1.562926
 0.002822	-0.044905	 0.220831	 1.563046
 0.002825	-0.044554	 0.232383	 1.563171
 0.002827	-0.044192	 0.244466	 1.563300
 0.002830	-0.043819	 0.257095	 1.563432
 0.002832	-0.043436	 0.270287	 1.563569
 0.002835	-0.043041	 0.284058	 1.563710
 0.002837	-0.042636	 0.298424	 1.563854
 0.002840	-0.042221	 0.313405	 1.564003
 0.002842	-0.041795	 0.329019	 1.564155
 0.002845	-0.041359	 0.345286	 1.564312
 0.002847	-0.040912	 0.362225	 1.564472
 0.002850	-0.040456	 0.379859	 1.564636
 0.002852	-0.039989	 0.398210	 1.564804
 0.002855	-0.039513	 0.417301	 1.564975
 0.002857	-0.039027	 0.437155	 1.565151
 0.002860	-0.038531	 0.457798	 1.565330
 0.002862	-0.038026	 0.479255	 1.565513
 0.002865	-0.037511	 0.501554	 1.565699
 0.002867	-0.036987	 0.524722	 1.565889
 0.002870	-0.036454	 0.548789	 1.566083
 0.002872	-0.035912	 0.573785	 1.566280
 0.002875	-0.035362	 0.599740	 1.566481
 0.002877	-0.034802	 0.626688	 1.566685
 0.002880	-0.034234	 0.654661	 1.566892
 0.002882	-0.033657	 0.683695	 1.567104
 0.002885	-0.033072	 0.713826	 1.567318
 0.002887	-0.032479	 0.745091	 1.567536
 0.002890	-0.031878	 0.777528	 1.567757
 0.002892	-0.031269	 0.811178	 1.567981
 0.002895	-0.030653	 0.846081	 1.568209
 0.002897	-0.030028	 0.882281	 1.568439
 0.002900	-0.029397	 0.919821	 1.568673
 0.002902	-0.028758	 0.958747	 1.568910
 0.002905	-0.028112	 0.999107	 1.569150
 0.002907	-0.027459	 1.040948	 1.569394
 0.002910	-0.026799	 1.084321	 1.569639
 0.002912	-0.026133	 1.129277	 1.569888
 0.002915	-0.025460	 1.175870	 1.570140
 0.002917	-0.024781	 1.224154	 1.570395
 0.002920	-0.024096	 1.274186	 1.570652
 0.002922	-0.023405	 1.326025	 1.570912
 0.002925	-0.022708	 1.379729	 1.571175
 0.002927	-0.022005	 1.435361	 1.571440
 0.002930	-0.021298	 1.492984	 1.571708
 0.002932	-0.020584	 1.552663	 1.571978
 0.002935	-0.019866	 1.614464	 1.572251
 0.002937	-0.019143	 1.678456	 1.572526
 0.002940	-0.018415	 1.744709	 1.572803
 0.002942	-0.017683	 1.813296	 1.573083
 0.002945	-0.016946	 1.884289	 1.573365
 0.002947	-0.016205	 1.957764	 1.573649
 0.002950	-0.015460	 2.033799	 1.573936
 0.002952	-0.014711	 2.112472	 1.574224
 0.002955	-0.013959	 2.193864	 1.574514
 0.002957	-0.013203	 2.278057	 1.574806
 0.002960	-0.012444	 2.365135	 1.575100
 0.002962	-0.011682	 2.455183	 1.575395
 0.002965	-0.010917	 2.548289	 1.575693
 0.002967	-0.010149	 2.644540	 1.575992
 0.002970	-0.009379	 2.744027	 1.576292
 0.002972	-0.008606	 2.846842	 1.576594
 0.002975	-0.007832	 2.953076	 1.576898
 0.002977	-0.007055	 3.062823	 1.577203
 0.002980	-0.006277	 3.176179	 1.577509
 0.002982	-0.005497	 3.293239	 1.577816
 0.002985	-0.004716	 3.414101	 1.578125
 0.002987	-0.003933	 3.538861	 1.578434
 0.002990	-0.003150	 3.667619	 1.578745
 0.002992	-0.002366	 3.800473	 1.579057
 0.002995	-0.001581	 3.937522	 1.579369
 0.002997	-0.000796	 4.078866	 1.579682
 0.003000	-0.000010	 4.224605	 1.579996
 0.003002	 0.000775	 4.374838	 1.580310
 0.003005	 0.001560	 4.529663	 1.580625
 0.003007	 0.002345	 4.689180	 1.580941
 0.003010	 0.003129	 4.853486	 1.581257
 0.003012	 0.003912	 5.022677	 1.581573
 0.003015	 0.004695	 5.196850	 1.581889
 0.003017	 0.005476	 5.376098	 1.582206
 0.003020	 0.006256	 5.560514	 1.582522
 0.003022	 0.007035	 5.750187	 1.582839
 0.003025	 0.007811	 5.945207	 1.583155
 0.003027	 0.008586	 6.145657	 1.583471
 0.003030	 0.009359	 6.351620	 1.583787
 0.003032	 0.010129	 6.563175	 1.584103
 0.003035	 0.010897	 6.780397	 1.584418
 0.003037	 0.011662	 7.003357	 1.584733
 0.003040	 0.012424	 7.232123	 1.585047
 0.003042	 0.013183	 7.466755	 1.585360
 0.003045	 0.013939	 7.707312	 1.585673
 0.003047	 0.014692	 7.953845	 1.585984
 0.003050	 0.015440	 8.206399	 1.586295
 0.003052	 0.016185	 8.465013	 1.586605
 0.003055	 0.016926	 8.729720	 1.586914
 0.003057	 0.017663	 9.000545	 1.587221
 0.003060	 0.018396	 9.277504	 1.587528
 0.003062	 0.019124	 9.560610	 1.587832
 0.003065	 0.019847	 9.849860	 1.588136
 0.003067	 0.020565	 10.145248	 1.588438
 0.003070	 0.021279	 10.446758	 1.588738
 0.003072	 0.021987	 10.754361	 1.589036
 0.003075	 0.022689	 11.068021	 1.589333
 0.003077	 0.023386	 11.387691	 1.589628
 0.003080	 0.024078	 11.713309	 1.589921
 0.003082	 0.024763	 12.044808	 1.590212
 0.003085	 0.025442	 12.382105	 1.590501
 0.003087	 0.026115	 12.725105	 1.590787
 0.003090	 0.026782	 13.073703	 1.591071
 0.003092	 0.027442	 13.427777	 1.591353
 0.003095	 0.028095	 13.787198	 1.591632
 0.003097	 0.028741	 14.151817	 1.591909
 0.003100	 0.029380	 14.521476	 1.592184
 0.003102	 0.030012	 14.895997	 1.592455
 0.003105	 0.030636	 15.275196	 1.592724
 0.003107	 0.031253	 15.658873	 1.592990
 0.003110	 0.031862	 16.046801	 1.593253
 0.003112	 0.032463	 16.438761	 1.593512
 0.003115	 0.033057	 16.834499	 1.593769
 0.003117	 0.033642	 17.233755	 1.594023
 0.003120	 0.034219	 17.636257	 1.594273
 0.003122	 0.034787	 18.041712	 1.594520
 0.003125	 0.035347	 18.449812	 1.594764
 0.003127	 0.035898	 18.860247	 1.595004
 0.003130	 0.036440	 19.272673	 1.595240
 0.003132	 0.036973	 19.686750	 1.595473
 0.003135	 0.037498	 20.102114	 1.595702
 0.003137	 0.038012	 20.518387	 1.595927
 0.003140	 0.038518	 20.935192	 1.596149
 0.003142	 0.039014	 21.352121	 1.596367
 0.003145	 0.039500	 21.768763	 1.596580
 0.003147	 0.039977	 22.184700	 1.596790
 0.003150	 0.040444	 22.599493	 1.596995
 0.003152	 0.040900	 23.012701	 1.597197
 0.003155	 0.041347	 23.423872	 1.597394
 0.003157	 0.041784	 23.832542	 1.597586
 0.003160	 0.042210	 24.238239	 1.597775
 0.003162	 0.042626	 24.640491	 1.597959
 0.003165	 0.043031	 25.038816	 1.598138
 0.003167	 0.043425	 25.432722	 1.598313
 0.003170	 0.043809	 25.821720	 1.598483
 0.003172	 0.044182	 26.205317	 1.598649
 0.003175	 0.044545	 26.583012	 1.598810
 0.003177	 0.044896	 26.954315	 1.598966
 0.003180	 0.045236	 27.318724	 1.599118
 0.003182	 0.045565	 27.675745	 1.599264
 0.003185	 0.045883	 28.024887	 1.599406
 0.003187	 0.046189	 28.365656	 1.599542
 0.003190	 0.046484	 28.697573	 1.599674
 0.003192	 0.046768	 29.020163	 1.599801
 0.003195	 0.047040	 29.332949	 1.599922
 0.003197	 0.047300	 29.635475	 1.600039
 0.003200	 0.047549	 29.927286	 1.600150
 0.003202	 0.047786	 30.207954	 1.600256
 0.003205	 0.048011	 30.477041	 1.600357
 0.003207	 0.048224	 30.734137	 1.600453
 0.003210	 0.048426	 30.978840	 1.600543
 0.003212	 0.048615	 31.210773	 1.600628
 0.003215	 0.048793	 31.429571	 1.600708
 0.003217	 0.048958	 31.634880	 1.600782
 0.003220	 0.049112	 31.826382	 1.600851
 0.003222	 0.049253	 32.003757	 1.600914
 0.003225	 0.049382	 32.166725	 1.600972
 0.003227	 0.049499	 32.315022	 1.601025
 0.003230	 0.049604	 32.448406	 1.601072
 0.003232	 0.049697	 32.566654	 1.601114
 0.003235	 0.049777	 32.669567	 1.601150
 0.003237	 0.049845	 32.756989	 1.601180
 0.003240	 0.049900	 32.828758	 1.601205
 0.003242	 0.049944	 32.884769	 1.601225
 0.003245	 0.049975	 32.924919	 1.601239
 0.003247	 0.049994	 32.949150	 1.601247
 0.003250	 0.050000	 32.957409	 1.601250
 0.003252	 0.049994	 32.949699	 1.601247
 0.003255	 0.049976	 32.926018	 1.601239
 0.003257	 0.049945	 32.886410	 1.601225
 0.003260	 0.049902	 32.830948	 1.601206
 0.003262	 0.049847	 32.759712	 1.601181
 0.003265	 0.049779	 32.672832	 1.601151
 0.003267	 0.049700	 32.570446	 1.601115
 0.003270	 0.049607	 32.452721	 1.601073
 0.003272	 0.049503	 32.319855	 1.601027
 0.003275	 0.049387	 32.172070	 1.600974
 0.003277	 0.049258	 32.009602	 1.600916
 0.003280	 0.049117	 31.832708	 1.600853
 0.003282	 0.048964	 31.641691	 1.600784
 0.003285	 0.048799	 31.436852	 1.600710
 0.003287	 0.048622	 31.218515	 1.600631
 0.003290	 0.048433	 30.987026	 1.600546
 0.003292	 0.048232	 30.742754	 1.600456
 0.003295	 0.048019	 30.486076	 1.600360
 0.003297	 0.047794	 30.217396	 1.600260
 0.003300	 0.047557	 29.937122	 1.600154
 0.003302	 0.047309	 29.645685	 1.600043
 0.003305	 0.047049	 29.343517	 1.599926
 0.003307	 0.046777	 29.031075	 1.599805
 0.003310	 0.046494	 28.708817	 1.599678
 0.003312	 0.046199	 28.377213	 1.599547
 0.003315	 0.045893	 28.036737	 1.599410
 0.003317	 0.045576	 27.687876	 1.599269
 0.003320	 0.045247	 27.331120	 1.599123
 0.003322	 0.044908	 26.966955	 1.598971
 0.003325	 0.044557	 26.595886	 1.598815
 0.003327	 0.044195	 26.218397	 1.598655
 0.003330	 0.043822	 25.834995	 1.598489
 0.003332	 0.043439	 25.446173	 1.598319
 0.003335	 0.043045	 25.052429	 1.598144
 0.003337	 0.042640	 24.654247	 1.597965
 0.003340	 0.042224	 24.252123	 1.597781
 0.003342	 0.041798	 23.846533	 1.597593
 0.003345	 0.041362	 23.437963	 1.597400
 0.003347	 0.040916	 23.026869	 1.597203
 0.003350	 0.040460	 22.613722	 1.597002
 0.003352	 0.039993	 22.198975	 1.596797
 0.003355	 0.039517	 21.783073	 1.596588
 0.003357	 0.039031	 21.366447	 1.596374
 0.003360	 0.038535	 20.949520	 1.596157
 0.003362	 0.038030	 20.532707	 1.595935
 0.003365	 0.037515	 20.116405	 1.595710
 0.003367	 0.036992	 19.701004	 1.595481
 0.003370	 0.036459	 19.286877	 1.595248
 0.003372	 0.035917	 18.874390	 1.595012
 0.003375	 0.035366	 18.463881	 1.594772
 0.003377	 0.034806	 18.055695	 1.594528
 0.003380	 0.034238	 17.650145	 1.594281
 0.003382	 0.033662	 17.247538	 1.594031
 0.003385	 0.033077	 16.848164	 1.593778
 0.003387	 0.032484	 16.452299	 1.593521
 0.003390	 0.031883	 16.060209	 1.593261
 0.003392	 0.031274	 15.672134	 1.592999
 0.003395	 0.030657	 15.288311	 1.592733
 0.003397	 0.030033	 14.908954	 1.592464
 0.003400	 0.029402	 14.534267	 1.592193
 0.003402	 0.028763	 14.164439	 1.591919
 0.003405	 0.028117	 13.799644	 1.591642
 0.003407	 0.027464	 13.440043	 1.591363
 0.003410	 0.026804	 13.085782	 1.591081
 0.003412	 0.026138	 12.736994	 1.590797
 0.003415	 0.025465	 12.393798	 1.590510
 0.003417	 0.024786	 12.056305	 1.590222
 0.003420	 0.024101	 11.724606	 1.589931
 0.003422	 0.023410	 11.398783	 1.589638
 0.003425	 0.022713	 11.078908	 1.589343
 0.003427	 0.022011	 10.765041	 1.589047
 0.003430	 0.021303	 10.457229	 1.588748
 0.003432	 0.020590	 10.155510	 1.588448
 0.003435	 0.019872	 9.859910	 1.588146
 0.003437	 0.019149	 9.570448	 1.587843
 0.003440	 0.018421	 9.287132	 1.587538
 0.003442	 0.017689	 9.009961	 1.587232
 0.003445	 0.016952	 8.738926	 1.586924
 0.003447	 0.016211	 8.474009	 1.586616
 0.003450	 0.015466	 8.215186	 1.586306
 0.003452	 0.014717	 7.962425	 1.585995
 0.003455	 0.013965	 7.715685	 1.585683
 0.003457	 0.013209	 7.474924	 1.585371
 0.003460	 0.012450	 7.240089	 1.585057
 0.003462	 0.011688	 7.011122	 1.584743
 0.003465	 0.010923	 6.787964	 1.584429
 0.003467	 0.010155	 6.570546	 1.584114
 0.003470	 0.009385	 6.358797	 1.583798
 0.003472	 0.008612	 6.152643	 1.583482
 0.003475	 0.007838	 5.952005	 1.583166
 0.003477	 0.007061	 5.756801	 1.582849
 0.003480	 0.006283	 5.566945	 1.582533
 0.003482	 0.005503	 5.382350	 1.582216
 0.003485	 0.004722	 5.202925	 1.581900
 0.003487	 0.003939	 5.028580	 1.581583
 0.003490	 0.003156	 4.859219	 1.581267
 0.003492	 0.002372	 4.694747	 1.580952
 0.003495	 0.001587	 4.535067	 1.580636
 0.003497	 0.000802	 4.380082	 1.580321
 0.003500	 0.000017	 4.229693	 1.580007
 0.003502	-0.000769	 4.083802	 1.579693
 0.003505	-0.001554	 3.942309	 1.579380
 0.003507	-0.002339	 3.805113	 1.579067
 0.003510	-0.003123	 3.672117	 1.578756
 0.003512	-0.003906	 3.543220	 1.578445
 0.003515	-0.004689	 3.418323	 1.578135
 0.003517	-0.005470	 3.297329	 1.577827
 0.003520	-0.006250	 3.180140	 1.577520
 0.003522	-0.007028	 3.066658	 1.577213
 0.003525	-0.007805	 2.956789	 1.576908
 0.003527	-0.008580	 2.850435	 1.576605
 0.003530	-0.009352	 2.747505	 1.576303
 0.003532	-0.010123	 2.647905	 1.576002
 0.003535	-0.010891	 2.551544	 1.575703
 0.003537	-0.011656	 2.458332	 1.575406
 0.003540	-0.012418	 2.368180	 1.575110
 0.003542	-0.013177	 2.281001	 1.574816
 0.003545	-0.013933	 2.196711	 1.574524
 0.003547	-0.014686	 2.115224	 1.574234
 0.003550	-0.015434	 2.036458	 1.573945
 0.003552	-0.016180	 1.960334	 1.573659
 0.003555	-0.016921	 1.886773	 1.573375
 0.003557	-0.017658	 1.815695	 1.573093
 0.003560	-0.018390	 1.747027	 1.572813
 0.003562	-0.019118	 1.680695	 1.572536
 0.003565	-0.019841	 1.616627	 1.572260
 0.003567	-0.020560	 1.554751	 1.571987
 0.003570	-0.021273	 1.495001	 1.571717
 0.003572	-0.021981	 1.437308	 1.571449
 0.003575	-0.022684	 1.381609	 1.571184
 0.003577	-0.023381	 1.327839	 1.570921
 0.003580	-0.024072	 1.275938	 1.570661
 0.003582	-0.024758	 1.225844	 1.570403
 0.003585	-0.025437	 1.177501	 1.570149
 0.003587	-0.026110	 1.130851	 1.569897
 0.003590	-0.026776	 1.085839	 1.569648
 0.003592	-0.027436	 1.042413	 1.569402
 0.003595	-0.028089	 1.000520	 1.569159
 0.003597	-0.028736	 0.960110	 1.568919
 0.003600	-0.029375	 0.921136	 1.568682
 0.003602	-0.030007	 0.883548	 1.568448
 0.003605	-0.030631	 0.847303	 1.568217
 0.003607	-0.031248	 0.812356	 1.567989
 0.003610	-0.031857	 0.778664	 1.567765
 0.003612	-0.032459	 0.746186	 1.567543
 0.003615	-0.033052	 0.714882	 1.567325
 0.003617	-0.033637	 0.684712	 1.567111
 0.003620	-0.034214	 0.655641	 1.566900
 0.003622	-0.034783	 0.627632	 1.566692
 0.003625	-0.035342	 0.600650	 1.566488
 0.003627	-0.035894	 0.574660	 1.566287
 0.003630	-0.036436	 0.549632	 1.566089
 0.003632	-0.036969	 0.525534	 1.565896
 0.003635	-0.037493	 0.502335	 1.565706
 0.003637	-0.038008	 0.480007	 1.565519
 0.003640	-0.038514	 0.458521	 1.565336
 0.003642	-0.039010	 0.437851	 1.565157
 0.003645	-0.039496	 0.417970	 1.564981
 0.003647	-0.039973	 0.398854	 1.564810
 0.003650	-0.040440	 0.380478	 1.564642
 0.003652	-0.040897	 0.362820	 1.564478
 0.003655	-0.041344	 0.345856	 1.564317
 0.003657	-0.041780	 0.329567	 1.564161
 0.003660	-0.042206	 0.313931	 1.564008
 0.003662	-0.042622	 0.298929	 1.563859
 0.003665	-0.043028	 0.284541	 1.563715
 0.003667	-0.043422	 0.270751	 1.563574
 0.003670	-0.043806	 0.257539	 1.563437
 0.003672	-0.044179	 0.244891	 1.563304
 0.003675	-0.044542	 0.232790	 1.563175
 0.003677	-0.044893	 0.221220	 1.563051
 0.003680	-0.045233	 0.210167	 1.562930
 0.003682	-0.045562	 0.199618	 1.562813
 0.003685	-0.045880	 0.189560	 1.562700
 0.003687	-0.046187	 0.179979	 1.562592
 0.003690	-0.046482	 0.170863	 1.562488
 0.003692	-0.046765	 0.162202	 1.562387
 0.003695	-0.047038	 0.153985	 1.562291
 0.003697	-0.047298	 0.146201	 1.562199
 0.003700	-0.047547	 0.138840	 1.562112
 0.003702	-0.047784	 0.131894	 1.562028
 0.003705	-0.048009	 0.125354	 1.561949
 0.003707	-0.048223	 0.119211	 1.561874
 0.003710	-0.048424	 0.113459	 1.561803
 0.003712	-0.048614	 0.108089	 1.561736
 0.003715	-0.048792	 0.103096	 1.561674
 0.003717	-0.048957	 0.098472	 1.561616
 0.003720	-0.049111	 0.094213	 1.561562
 0.003722	-0.049252	 0.090314	 1.561512
 0.003725	-0.049381	 0.086768	 1.561467
 0.003727	-0.049498	 0.083573	 1.561426
 0.003730	-0.049603	 0.080723	 1.561389
 0.003732	-0.049696	 0.078216	 1.561356
 0.003735	-0.049776	 0.076048	 1.561328
 0.003737	-0.049844	 0.074218	 1.561304
 0.003740	-0.049900	 0.072721	 1.561285
 0.003742	-0.049944	 0.071557	 1.561270
 0.003745	-0.049975	 0.070725	 1.561259
 0.003747	-0.049994	 0.070222	 1.561252
 0.003750	-0.050000	 0.070049	 1.561250
 0.003752	-0.049994	 0.070206	 1.561252
 0.003755	-0.049976	 0.070691	 1.561258
 0.003757	-0.049945	 0.071507	 1.561269
 0.003760	-0.049903	 0.072655	 1.561284
 0.003762	-0.049847	 0.074134	 1.561303
 0.003765	-0.049780	 0.075948	 1.561327
 0.003767	-0.049700	 0.078099	 1.561355
 0.003770	-0.049608	 0.080589	 1.561387
 0.003772	-0.049504	 0.083421	 1.561424
 0.003775	-0.049388	 0.086599	 1.561465
 0.003777	-0.049259	 0.090127	 1.561510
 0.003780	-0.049118	 0.094009	 1.561559
 0.003782	-0.048965	 0.098249	 1.561613
 0.003785	-0.048800	 0.102854	 1.561671
 0.003787	-0.048623	 0.107829	 1.561733
 0.003790	-0.048434	 0.113179	 1.561799
 0.003792	-0.048233	 0.118913	 1.561870
 0.003795	-0.048020	 0.125035	 1.561945
 0.003797	-0.047796	 0.131556	 1.562024
 0.003800	-0.047559	 0.138481	 1.562107
 0.003802	-0.047311	 0.145821	 1.562195
 0.003805	-0.047051	 0.153583	 1.562286
 0.003807	-0.046779	 0.161779	 1.562382
 0.003810	-0.046496	 0.170417	 1.562482
 0.003812	-0.046202	 0.179509	 1.562587
 0.003815	-0.045896	 0.189067	 1.562695
 0.003817	-0.045579	 0.199101	 1.562807
 0.003820	-0.045250	 0.209625	 1.562924
 0.003822	-0.044910	 0.220652	 1.563044
 0.003825	-0.044560	 0.232195	 1.563169
 0.003827	-0.044198	 0.244269	 1.563298
 0.003830	-0.043825	 0.256890	 1.563430
 0.003832	-0.043442	 0.270073	 1.563567
 0.003835	-0.043048	 0.283834	 1.563707
 0.003837	-0.042643	 0.298191	 1.563852
 0.003840	-0.042228	 0.313162	 1.564000
 0.003842	-0.041802	 0.328765	 1.564153
 0.003845	-0.041366	 0.345021	 1.564309
 0.003847	-0.040920	 0.361950	 1.564469
 0.003850	-0.040463	 0.379573	 1.564633
 0.003852	-0.039997	 0.397912	 1.564801
 0.003855	-0.039521	 0.416991	 1.564973
 0.003857	-0.039035	 0.436833	 1.565148
 0.003860	-0.038539	 0.457463	 1.565327
 0.003862	-0.038034	 0.478907	 1.565510
 0.003865	-0.037520	 0.501192	 1.565696
 0.003867	-0.036996	 0.524346	 1.565886
 0.003870	-0.036463	 0.548399	 1.566080
 0.003872	-0.035921	 0.573379	 1.566277
 0.003875	-0.035370	 0.599319	 1.566477
 0.003877	-0.034811	 0.626251	 1.566682
 0.003880	-0.034243	 0.654208	 1.566889
 0.003882	-0.033666	 0.683225	 1.567100
 0.003885	-0.033082	 0.713338	 1.567315
 0.003887	-0.032489	 0.744584	 1.567532
 0.003890	-0.031888	 0.777002	 1.567753
 0.003892	-0.031279	 0.810632	 1.567978
 0.003895	-0.030662	 0.845515	 1.568205
 0.003897	-0.030038	 0.881694	 1.568436
 0.003900	-0.029407	 0.919213	 1.568670
 0.003902	-0.028768	 0.958117	 1.568907
 0.003905	-0.028122	 0.998453	 1.569147
 0.003907	-0.027469	 1.040270	 1.569390
 0.003910	-0.026810	 1.083622	 1.569636
 0.003912	-0.026143	 1.128557	 1.569884
 0.003915	-0.025471	 1.175128	 1.570136
 0.003917	-0.024792	 1.223390	 1.570391
 0.003920	-0.024107	 1.273400	 1.570648
 0.003922	-0.023415	 1.325215	 1.570908
 0.003925	-0.022719	 1.378895	 1.571171
 0.003927	-0.022016	 1.434502	 1.571436
 0.003930	-0.021308	 1.492100	 1.571704
 0.003932	-0.020595	 1.551753	 1.571974
 0.003935	-0.019877	 1.613528	 1.572247
 0.003937	-0.019154	 1.677493	 1.572522
 0.003940	-0.018426	 1.743718	 1.572799
 0.003942	-0.017694	 1.812276	 1.573079
 0.003945	-0.016957	 1.883240	 1.573361
 0.003947	-0.016216	 1.956686	 1.573645
 0.003950	-0.015471	 2.032691	 1.573931
 0.003952	-0.014722	 2.111333	 1.574220
 0.003955	-0.013970	 2.192693	 1.574510
 0.003957	-0.013214	 2.276854	 1.574802
 0.003960	-0.012455	 2.363899	 1.575096
 0.003962	-0.011692	 2.453913	 1.575391
 0.003965	-0.010927	 2.546985	 1.575689
 0.003967	-0.010160	 2.643202	 1.575988
 0.003970	-0.009389	 2.742653	 1.576288
 0.003972	-0.008617	 2.845432	 1.576590
 0.003975	-0.007842	 2.951629	 1.576894
 0.003977	-0.007065	 3.061339	 1.577199
 0.003980	-0.006287	 3.174657	 1.577505
 0.003982	-0.005507	 3.291678	 1.577812
 0.003985	-0.004726	 3.412501	 1.578121
 0.003987	-0.003943	 3.537222	 1.578430
 0.003990	-0.003160	 3.665939	 1.578741
 0.003992	-0.002376	 3.798753	 1.579053
 0.003995	-0.001591	 3.935761	 1.579365
 0.003997	-0.000806	 4.077064	 1.579678
 0.004000	-0.000020	 4.222760	 1.579992
