t       	v
 0.000000	 0.000000
 0.000010	 0.156899
 0.000020	 0.312714
 0.000030	 0.466372
 0.000040	 0.616814
 0.000050	 0.763007
 0.000060	 0.903951
 0.000070	 1.038685
 0.000080	 1.166300
 0.000090	 1.285937
 0.000100	 1.396801
 0.000110	 1.498165
 0.000120	 1.589373
 0.000130	 1.669849
 0.000140	 1.739096
 0.000150	 1.796705
 0.000160	 1.842354
 0.000170	 1.875813
 0.000180	 1.896942
 0.000190	 1.905693
 0.000200	 1.902113
 0.000210	 1.886338
 0.000220	 1.858594
 0.000230	 1.819196
 0.000240	 1.768541
 0.000250	 1.707108
 0.000260	 1.635452
 0.000270	 1.554200
 0.000280	 1.464043
 0.000290	 1.365734
 0.000300	 1.260076
 0.000310	 1.147923
 0.000320	 1.030164
 0.000330	 0.907722
 0.000340	 0.781542
 0.000350	 0.652587
 0.000360	 0.521828
 0.000370	 0.390236
 0.000380	 0.258773
 0.000390	 0.128388
 0.000400	 0.000006
 0.000410	-0.125479
 0.000420	-0.247209
 0.000430	-0.364370
 0.000440	-0.476197
 0.000450	-0.581984
 0.000460	-0.681081
 0.000470	-0.772907
 0.000480	-0.856949
 0.000490	-0.932767
 0.000500	-0.999996
 0.000510	-1.058349
 0.000520	-1.107618
 0.000530	-1.147673
 0.000540	-1.178465
 0.000550	-1.200023
 0.000560	-1.212452
 0.000570	-1.215934
 0.000580	-1.210723
 0.000590	-1.197140
 0.000600	-1.175572
 0.000610	-1.146467
 0.000620	-1.110328
 0.000630	-1.067709
 0.000640	-1.019206
 0.000650	-0.965454
 0.000660	-0.907121
 0.000670	-0.844899
 0.000680	-0.779497
 0.000690	-0.711636
 0.000700	-0.642043
 0.000710	-0.571438
 0.000720	-0.500537
 0.000730	-0.430034
 0.000740	-0.360606
 0.000750	-0.292896
 0.000760	-0.227516
 0.000770	-0.165036
 0.000780	-0.105983
 0.000790	-0.050830
 0.000800	-0.000002
 0.000810	 0.046139
 0.000820	 0.087286
 0.000830	 0.123199
 0.000840	 0.153698
 0.000850	 0.178671
 0.000860	 0.198069
 0.000870	 0.211912
 0.000880	 0.220280
 0.000890	 0.223318
 0.000900	 0.221232
 0.000910	 0.214284
 0.000920	 0.202794
 0.000930	 0.187128
 0.000940	 0.167703
 0.000950	 0.144974
 0.000960	 0.119435
 0.000970	 0.091610
 0.000980	 0.062049
 0.000990	 0.031319
 0.001000	 0.000001
 0.001010	-0.031317
 0.001020	-0.062047
 0.001030	-0.091608
 0.001040	-0.119433
 0.001050	-0.144972
 0.001060	-0.167701
 0.001070	-0.187127
 0.001080	-0.202792
 0.001090	-0.214284
 0.001100	-0.221231
 0.001110	-0.223318
 0.001120	-0.220280
 0.001130	-0.211913
 0.001140	-0.198072
 0.001150	-0.178674
 0.001160	-0.153702
 0.001170	-0.123204
 0.001180	-0.087292
 0.001190	-0.046146
 0.001200	-0.000006
 0.001210	 0.050821
 0.001220	 0.105973
 0.001230	 0.165025
 0.001240	 0.227504
 0.001250	 0.292883
 0.001260	 0.360592
 0.001270	 0.430020
 0.001280	 0.500522
 0.001290	 0.571423
 0.001300	 0.642027
 0.001310	 0.711621
 0.001320	 0.779481
 0.001330	 0.844884
 0.001340	 0.907106
 0.001350	 0.965440
 0.001360	 1.019192
 0.001370	 1.067697
 0.001380	 1.110318
 0.001390	 1.146458
 0.001400	 1.175565
 0.001410	 1.197134
 0.001420	 1.210720
 0.001430	 1.215934
 0.001440	 1.212454
 0.001450	 1.200028
 0.001460	 1.178473
 0.001470	 1.147684
 0.001480	 1.107632
 0.001490	 1.058367
 0.001500	 1.000017
 0.001510	 0.932792
 0.001520	 0.856977
 0.001530	 0.772938
 0.001540	 0.681115
 0.001550	 0.582020
 0.001560	 0.476237
 0.001570	 0.364411
 0.001580	 0.247253
 0.001590	 0.125525
 0.001600	 0.000041
 0.001610	-0.128340
 0.001620	-0.258724
 0.001630	-0.390186
 0.001640	-0.521778
 0.001650	-0.652537
 0.001660	-0.781492
 0.001670	-0.907673
 0.001680	-1.030116
 0.001690	-1.147877
 0.001700	-1.260033
 0.001710	-1.365692
 0.001720	-1.464005
 0.001730	-1.554165
 0.001740	-1.635421
 0.001750	-1.707080
 0.001760	-1.768517
 0.001770	-1.819177
 0.001780	-1.858580
 0.001790	-1.886329
 0.001800	-1.902109
 0.001810	-1.905694
 0.001820	-1.896948
 0.001830	-1.875825
 0.001840	-1.842372
 0.001850	-1.796728
 0.001860	-1.739125
 0.001870	-1.669884
 0.001880	-1.589414
 0.001890	-1.498211
 0.001900	-1.396852
 0.001910	-1.285993
 0.001920	-1.166360
 0.001930	-1.038750
 0.001940	-0.904019
 0.001950	-0.763079
 0.001960	-0.616887
 0.001970	-0.466446
 0.001980	-0.312788
 0.001990	-0.156972
 0.002000	-0.000073
 0.002010	 0.156828
 0.002020	 0.312645
 0.002030	 0.466305
 0.002040	 0.616750
 0.002050	 0.762946
 0.002060	 0.903893
 0.002070	 1.038632
 0.002080	 1.166250
 0.002090	 1.285892
 0.002100	 1.396760
 0.002110	 1.498129
 0.002120	 1.589341
 0.002130	 1.669821
 0.002140	 1.739073
 0.002150	 1.796687
 0.002160	 1.842341
 0.002170	 1.875804
 0.002180	 1.896937
 0.002190	 1.905692
 0.002200	 1.902116
 0.002210	 1.886345
 0.002220	 1.858604
 0.002230	 1.819209
 0.002240	 1.768557
 0.002250	 1.707126
 0.002260	 1.635473
 0.002270	 1.554222
 0.002280	 1.464067
 0.002290	 1.365758
 0.002300	 1.260102
 0.002310	 1.147949
 0.002320	 1.030190
 0.002330	 0.907747
 0.002340	 0.781567
 0.002350	 0.652612
 0.002360	 0.521852
 0.002370	 0.390259
 0.002380	 0.258795
 0.002390	 0.128408
 0.002400	 0.000024
 0.002410	-0.125462
 0.002420	-0.247194
 0.002430	-0.364356
 0.002440	-0.476185
 0.002450	-0.581973
 0.002460	-0.681072
 0.002470	-0.772900
 0.002480	-0.856943
 0.002490	-0.932762
 0.002500	-0.999992
 0.002510	-1.058346
 0.002520	-1.107616
 0.002530	-1.147671
 0.002540	-1.178464
 0.002550	-1.200022
 0.002560	-1.212452
 0.002570	-1.215934
 0.002580	-1.210723
 0.002590	-1.197140
 0.002600	-1.175572
 0.002610	-1.146467
 0.002620	-1.110328
 0.002630	-1.067708
 0.002640	-1.019205
 0.002650	-0.965453
 0.002660	-0.907119
 0.002670	-0.844896
 0.002680	-0.779494
 0.002690	-0.711633
 0.002700	-0.642039
 0.002710	-0.571434
 0.002720	-0.500532
 0.002730	-0.430029
 0.002740	-0.360600
 0.002750	-0.292890
 0.002760	-0.227510
 0.002770	-0.165031
 0.002780	-0.105977
 0.002790	-0.050825
 0.002800	 0.000004
 0.002810	 0.046144
 0.002820	 0.087291
 0.002830	 0.123203
 0.002840	 0.153702
 0.002850	 0.178674
 0.002860	 0.198072
 0.002870	 0.211914
 0.002880	 0.220281
 0.002890	 0.223318
 0.002900	 0.221231
 0.002910	 0.214283
 0.002920	 0.202791
 0.002930	 0.187125
 0.002940	 0.167699
 0.002950	 0.144969
 0.002960	 0.119430
 0.002970	 0.091604
 0.002980	 0.062042
 0.002990	 0.031311
 0.003000	-0.000007
 0.003010	-0.031325
 0.003020	-0.062055
 0.003030	-0.091617
 0.003040	-0.119441
 0.003050	-0.144980
 0.003060	-0.167708
 0.003070	-0.187132
 0.003080	-0.202797
 0.003090	-0.214287
 0.003100	-0.221233
 0.003110	-0.223318
 0.003120	-0.220278
 0.003130	-0.211909
 0.003140	-0.198065
 0.003150	-0.178664
 0.003160	-0.153690
 0.003170	-0.123189
 0.003180	-0.087275
 0.003190	-0.046125
 0.003200	 0.000017
 0.003210	 0.050847
 0.003220	 0.106001
 0.003230	 0.165057
 0.003240	 0.227538
 0.003250	 0.292919
 0.003260	 0.360630
 0.003270	 0.430059
 0.003280	 0.500562
 0.003290	 0.571464
 0.003300	 0.642069
 0.003310	 0.711662
 0.003320	 0.779523
 0.003330	 0.844924
 0.003340	 0.907145
 0.003350	 0.965477
 0.003360	 1.019227
 0.003370	 1.067728
 0.003380	 1.110345
 0.003390	 1.146481
 0.003400	 1.175583
 0.003410	 1.197147
 0.003420	 1.210727
 0.003430	 1.215935
 0.003440	 1.212448
 0.003450	 1.200015
 0.003460	 1.178453
 0.003470	 1.147656
 0.003480	 1.107596
 0.003490	 1.058323
 0.003500	 0.999965
 0.003510	 0.932731
 0.003520	 0.856909
 0.003530	 0.772862
 0.003540	 0.681031
 0.003550	 0.581929
 0.003560	 0.476139
 0.003570	 0.364307
 0.003580	 0.247142
 0.003590	 0.125409
 0.003600	-0.000079
 0.003610	-0.128464
 0.003620	-0.258851
 0.003630	-0.390315
 0.003640	-0.521908
 0.003650	-0.652668
 0.003660	-0.781622
 0.003670	-0.907801
 0.003680	-1.030241
 0.003690	-1.147998
 0.003700	-1.260149
 0.003710	-1.365802
 0.003720	-1.464107
 0.003730	-1.554259
 0.003740	-1.635506
 0.003750	-1.707155
 0.003760	-1.768581
 0.003770	-1.819229
 0.003780	-1.858619
 0.003790	-1.886354
 0.003800	-1.902120
 0.003810	-1.905691
 0.003820	-1.896930
 0.003830	-1.875792
 0.003840	-1.842324
 0.003850	-1.796664
 0.003860	-1.739046
 0.003870	-1.669789
 0.003880	-1.589304
 0.003890	-1.498087
 0.003900	-1.396715
 0.003910	-1.285842
 0.003920	-1.166197
 0.003930	-1.038575
 0.003940	-0.903834
 0.003950	-0.762884
 0.003960	-0.616686
 0.003970	-0.466240
 0.003980	-0.312578
 0.003990	-0.156760
