t       	v       	Ic       	Id
 0    	 0    	 1e-09	 0.001
 2.5e-05	 0.0343815	 3.75229e-09	 0.00103468
 5e-05	 0.0677141	 1.3523e-08	 0.00106886
 7.5e-05	 0.0989816	 4.50146e-08	 0.00110143
 0.0001	 0.127233	 1.33431e-07	 0.00113128
 0.000125	 0.151612	 3.40782e-07	 0.00115736
 0.00015	 0.171384	 7.29023e-07	 0.00117873
 0.000175	 0.185959	 1.277e-06	 0.0011946
 0.0002	 0.194908	 1.80168e-06	 0.00120441
 0.000225	 0.19798	 2.02764e-06	 0.00120778
 0.00025	 0.195106	 1.81541e-06	 0.00120462
 0.000275	 0.1864	 1.29883e-06	 0.00119509
 0.0003	 0.172157	 7.51018e-07	 0.00117957
 0.000325	 0.152843	 3.57305e-07	 0.00115868
 0.00035	 0.129077	 1.43239e-07	 0.00113324
 0.000375	 0.101613	 4.98085e-08	 0.00110419
 0.0004	 0.0713124	 1.55302e-08	 0.00107258
 0.000425	 0.0391206	 4.50253e-09	 0.0010395
 0.00045	 0.00603338	 1.26119e-09	 0.00100604
 0.000475	-0.0269338	 3.54902e-10	 0.000973248
 0.0005	-0.0587778	 1.04279e-10	 0.000942086
 0.000525	-0.0885397	 3.31945e-11	 0.00091342
 0.00055	-0.115334	 1.18442e-11	 0.000887992
 0.000575	-0.138376	 4.88219e-12	 0.000866411
 0.0006	-0.157007	 2.3846e-12	 0.000849156
 0.000625	-0.17071	 1.40772e-12	 0.000836575
 0.00065	-0.17913	 1.01829e-12	 0.000828892
 0.000675	-0.182078	 9.0914e-13	 0.00082621
 0.0007	-0.179539	 1.00243e-12	 0.00082852
 0.000725	-0.171666	 1.35692e-12	 0.000835701
 0.00075	-0.158779	 2.22749e-12	 0.000847524
 0.000775	-0.141347	 4.35499e-12	 0.000863647
 0.0008	-0.119975	 9.90781e-12	 0.000883623
 0.000825	-0.0953804	 2.55153e-11	 0.000906894
 0.00085	-0.0683691	 7.21087e-11	 0.000932799
 0.000875	-0.0398097	 2.16288e-10	 0.000960586
 0.0009	-0.0106039	 6.65083e-10	 0.000989424
 0.000925	 0.0183426	 2.02483e-09	 0.00101843
 0.00095	 0.0461489	 5.90003e-09	 0.00104668
 0.000975	 0.0719866	 1.59381e-08	 0.00107328
 0.001	 0.0951051	 3.87793e-08	 0.00109737
 0.001025	 0.114854	 8.28868e-08	 0.00111815
 0.00105	 0.130704	 1.52486e-07	 0.00113497
 0.001075	 0.142257	 2.37799e-07	 0.00114732
 0.0011	 0.149261	 3.11316e-07	 0.00115483
 0.001125	 0.151612	 3.40783e-07	 0.00115736
 0.00115	 0.149357	 3.12463e-07	 0.00115493
 0.001175	 0.142684	 2.41733e-07	 0.00114777
 0.0012	 0.131919	 1.5978e-07	 0.00113627
 0.001225	 0.117508	 9.17924e-08	 0.00112096
 0.00125	 0.100001	 4.68145e-08	 0.0011025
 0.001275	 0.0800319	 2.17182e-08	 0.00108163
 0.0013	 0.0582945	 9.41304e-09	 0.00105914
 0.001325	 0.0355194	 3.92015e-09	 0.00103583
 0.00135	 0.0124484	 1.61411e-09	 0.00101249
 0.001375	-0.0101896	 6.75767e-10	 0.000989836
 0.0014	-0.0317028	 2.95426e-10	 0.000968548
 0.001425	-0.0514579	 1.38186e-10	 0.000949204
 0.00145	-0.0688998	 7.06518e-11	 0.000932287
 0.001475	-0.083567	 4.01908e-11	 0.000918179
 0.0015	-0.0951049	 2.57871e-11	 0.000907156
 0.001525	-0.103274	 1.88346e-11	 0.000899393
 0.00155	-0.107953	 1.57324e-11	 0.000894961
 0.001575	-0.109141	 1.50294e-11	 0.000893836
 0.0016	-0.106954	 1.63484e-11	 0.000895906
 0.001625	-0.101613	 2.00768e-11	 0.000900968
 0.00165	-0.0934359	 2.74967e-11	 0.000908747
 0.001675	-0.0828227	 4.1358e-11	 0.000918892
 0.0017	-0.070238	 6.71074e-11	 0.000930995
 0.001725	-0.0561924	 1.15182e-10	 0.000944597
 0.00175	-0.0412231	 2.04845e-10	 0.000959202
 0.001775	-0.0258736	 3.69672e-10	 0.000974294
 0.0018	-0.0106745	 6.63281e-10	 0.000989354
 0.001825	 0.00387543	 1.16074e-09	 0.00100388
 0.00185	 0.0173256	 1.94715e-09	 0.0010174
 0.001875	 0.029288	 3.08473e-09	 0.0010295
 0.0019	 0.0394491	 4.55978e-09	 0.00103984
 0.001925	 0.0475777	 6.23335e-09	 0.00104814
 0.00195	 0.0535305	 7.83707e-09	 0.00105425
 0.001975	 0.0572531	 9.04346e-09	 0.00105807
 0.002	 0.0587785	 9.5899e-09	 0.00105964
 0.002025	 0.0582216	 9.38668e-09	 0.00105907
 0.00205	 0.0557711	 8.54241e-09	 0.00105655
 0.002075	 0.0516788	 7.29832e-09	 0.00105235
 0.0021	 0.046246	 5.92212e-09	 0.00104678
 0.002125	 0.0398099	 4.6235e-09	 0.00104021
 0.00215	 0.0327274	 3.521e-09	 0.001033
 0.002175	 0.0253593	 2.65212e-09	 0.00102552
 0.0022	 0.0180554	 2.00258e-09	 0.00101814
 0.002225	 0.0111392	 1.53485e-09	 0.00101117
 0.00225	 0.00489525	 1.20717e-09	 0.0010049
 0.002275	-0.00044188	 9.83148e-10	 0.000999558
 0.0023	-0.00469644	 8.34742e-10	 0.000995309
 0.002325	-0.00775727	 7.42037e-10	 0.000992258
 0.00235	-0.00958081	 6.91776e-10	 0.000990442
 0.002375	-0.010191	 6.7573e-10	 0.000989835
 0.0024	-0.00967636	 6.89239e-10	 0.000990347
 0.002425	-0.00818396	 7.29958e-10	 0.000991833
 0.00245	-0.00591121	 7.96639e-10	 0.000994098
 0.002475	-0.00309522	 8.87766e-10	 0.000996907
 0.0025	-5.64964e-07	 9.99978e-10	 0.000999999
 0.002525	 0.00309414	 1.12638e-09	 0.0010031
 0.00255	 0.00591028	 1.25523e-09	 0.00100592
 0.002575	 0.00818327	 1.3699e-09	 0.0010082
 0.0026	 0.00967599	 1.45086e-09	 0.0010097
 0.002625	 0.010191	 1.47988e-09	 0.00101022
 0.00265	 0.00958124	 1.44558e-09	 0.0010096
 0.002675	 0.00775815	 1.34769e-09	 0.00100777
 0.0027	 0.00469776	 1.19804e-09	 0.0010047
 0.002725	 0.000443613	 1.01721e-09	 0.00100044
 0.00275	-0.00489315	 8.2845e-10	 0.000995113
 0.002775	-0.0111368	 6.51591e-10	 0.000988894
 0.0028	-0.0180528	 4.99404e-10	 0.000982029
 0.002825	-0.0253567	 3.77095e-10	 0.000974804
 0.00285	-0.0327248	 2.84039e-10	 0.000967543
 0.002875	-0.0398075	 2.16307e-10	 0.000960589
 0.0029	-0.0462439	 1.68873e-10	 0.000954291
 0.002925	-0.051677	 1.37027e-10	 0.000948991
 0.00295	-0.0557699	 1.17068e-10	 0.000945008
 0.002975	-0.058221	 1.06536e-10	 0.000942626
 0.003	-0.0587786	 1.04276e-10	 0.000942085
 0.003025	-0.057254	 1.10573e-10	 0.000943565
 0.00305	-0.0535322	 1.2759e-10	 0.000947184
 0.003075	-0.0475803	 1.60412e-10	 0.000952986
 0.0031	-0.0394524	 2.19281e-10	 0.000960937
 0.003125	-0.029292	 3.24128e-10	 0.000970922
 0.00315	-0.0173302	 5.1348e-10	 0.000982745
 0.003175	-0.00388049	 8.61354e-10	 0.000996123
 0.0032	 0.0106691	 1.50735e-09	 0.0010107
 0.003225	 0.0258681	 2.70452e-09	 0.00102604
 0.00325	 0.0412176	 4.88071e-09	 0.00104164
 0.003275	 0.0561871	 8.68019e-09	 0.00105698
 0.0033	 0.0702332	 1.48987e-08	 0.00107147
 0.003325	 0.0828185	 2.41752e-08	 0.00108453
 0.00335	 0.0934325	 3.63632e-08	 0.00109561
 0.003375	 0.101611	 4.98041e-08	 0.00110419
 0.0034	 0.106953	 6.11648e-08	 0.00110981
 0.003425	 0.109141	 6.6536e-08	 0.00111212
 0.00345	 0.107954	 6.35655e-08	 0.00111087
 0.003475	 0.103276	 5.30986e-08	 0.00110594
 0.0035	 0.0951084	 3.87843e-08	 0.00109737
 0.003525	 0.0835718	 2.48858e-08	 0.00108532
 0.00355	 0.0689056	 1.41571e-08	 0.00107009
 0.003575	 0.0514647	 7.23847e-09	 0.00105213
 0.0036	 0.0317102	 3.38592e-09	 0.00103196
 0.003625	 0.0101976	 1.48025e-09	 0.00101022
 0.00365	-0.0124402	 6.19732e-10	 0.000987599
 0.003675	-0.0355111	 2.55174e-10	 0.000964804
 0.0037	-0.0582864	 1.06269e-10	 0.000942563
 0.003725	-0.0800243	 4.60578e-11	 0.000921577
 0.00375	-0.0999942	 2.13665e-11	 0.000902505
 0.003775	-0.117502	 1.08966e-11	 0.00088595
 0.0038	-0.131914	 6.25971e-12	 0.000872436
 0.003825	-0.142681	 4.13729e-12	 0.000862409
 0.00385	-0.149355	 3.20058e-12	 0.000856222
 0.003875	-0.151612	 2.93442e-12	 0.000854134
 0.0039	-0.149263	 3.21196e-12	 0.000856307
 0.003925	-0.14226	 4.2047e-12	 0.000862799
 0.00395	-0.130709	 6.55672e-12	 0.000873562
 0.003975	-0.114861	 1.20617e-11	 0.000888437
 0.004	-0.0951128	 2.57793e-11	 0.000907149
 0.004025	-0.0719955	 6.27212e-11	 0.0009293
 0.00404999	-0.0461587	 1.69427e-10	 0.000954374
 0.00407499	-0.018353	 4.93671e-10	 0.000981731
 0.00409999	 0.0105931	 1.50295e-09	 0.00101062
 0.00412499	 0.039799	 4.62154e-09	 0.00104019
 0.00414999	 0.0683587	 1.38624e-08	 0.00106953
 0.00417499	 0.0953706	 3.91774e-08	 0.00109764
 0.00419999	 0.119966	 1.00897e-07	 0.00112356
 0.00422499	 0.14134	 2.29556e-07	 0.00114633
 0.00424999	 0.158773	 4.48835e-07	 0.00116508
 0.00427499	 0.171662	 7.36848e-07	 0.00117903
 0.00429999	 0.179537	 9.97499e-07	 0.00118759
 0.00432499	 0.182078	 1.09994e-06	 0.00119037
 0.00434999	 0.179133	 9.82119e-07	 0.00118715
 0.00437499	 0.170715	 7.10489e-07	 0.001178
 0.00439999	 0.157013	 4.19462e-07	 0.00116318
 0.00442499	 0.138385	 2.04892e-07	 0.00114317
 0.00444999	 0.115344	 8.44624e-08	 0.00111867
 0.00447499	 0.0885511	 3.01388e-08	 0.00109051
 0.00449999	 0.0587904	 9.5943e-09	 0.00105965
 0.00452499	 0.026947	 2.81912e-09	 0.00102713
 0.00454999	-0.00601982	 7.93318e-10	 0.000993989
 0.00457499	-0.0391072	 2.22212e-10	 0.000961275
 0.00459999	-0.0712995	 6.44228e-11	 0.000929971
 0.00462499	-0.101601	 2.00861e-11	 0.00090098
 0.00464999	-0.129067	 6.98418e-12	 0.000875098
 0.00467499	-0.152834	 2.79969e-12	 0.000853005
 0.00469999	-0.17215	 1.33188e-12	 0.000835259
 0.00472499	-0.186395	 7.70068e-13	 0.000822291
 0.00474999	-0.195103	 5.50892e-13	 0.000814413
 0.00477499	-0.19798	 4.93184e-13	 0.000811819
 0.00479999	-0.194911	 5.54985e-13	 0.000814587
 0.00482499	-0.185964	 7.82938e-13	 0.000822682
 0.00484999	-0.171392	 1.37131e-12	 0.000835952
 0.00487499	-0.151622	 2.93337e-12	 0.000854126
 0.00489999	-0.127244	 7.49127e-12	 0.000876803
 0.00492499	-0.0989945	 2.22041e-11	 0.000903455
 0.00494999	-0.0677281	 7.39086e-11	 0.000933419
 0.00497499	-0.0343963	 2.66353e-10	 0.000965899
 0.00499999	-1.50039e-05	 9.99423e-10	 0.000999985
 0.00502499	 0.0343667	 3.75015e-09	 0.00103466
 0.00504999	 0.0676999	 1.35156e-08	 0.00106885
 0.00507499	 0.0989685	 4.49918e-08	 0.00110142
 0.00509999	 0.127221	 1.33371e-07	 0.00113127
 0.00512499	 0.151602	 3.40653e-07	 0.00115735
 0.00514999	 0.171377	 7.28807e-07	 0.00117872
 0.00517499	 0.185954	 1.27674e-06	 0.0011946
 0.00519999	 0.194906	 1.80149e-06	 0.0012044
 0.00522499	 0.19798	 2.02764e-06	 0.00120778
 0.00524999	 0.195108	 1.81559e-06	 0.00120463
 0.00527499	 0.186405	 1.29909e-06	 0.00119509
 0.00529999	 0.172165	 7.51239e-07	 0.00117957
 0.00532499	 0.152853	 3.5744e-07	 0.00115869
 0.00534999	 0.129089	 1.43304e-07	 0.00113326
 0.00537499	 0.101626	 4.98339e-08	 0.00110421
 0.00539999	 0.0713268	 1.55388e-08	 0.0010726
 0.00542499	 0.0391357	 4.50513e-09	 0.00103952
 0.00544999	 0.00604864	 1.26193e-09	 0.00100606
 0.00547499	-0.0269188	 3.55107e-10	 0.000973262
 0.00549999	-0.0587635	 1.04336e-10	 0.0009421
 0.00552499	-0.0885265	 3.32113e-11	 0.000913433
 0.00554999	-0.115322	 1.18495e-11	 0.000888003
 0.00557499	-0.138366	 4.88403e-12	 0.00086642
 0.00559999	-0.156999	 2.3853e-12	 0.000849163
 0.00562499	-0.170705	 1.408e-12	 0.00083658
 0.00564999	-0.179128	 1.0184e-12	 0.000828894
 0.00567499	-0.182078	 9.09143e-13	 0.00082621
 0.00569999	-0.179541	 1.00233e-12	 0.000828518
 0.00572499	-0.171671	 1.35666e-12	 0.000835697
 0.00574999	-0.158786	 2.22685e-12	 0.000847517
 0.00577499	-0.141357	 4.35339e-12	 0.000863639
 0.00579999	-0.119987	 9.90349e-12	 0.000883613
 0.00582499	-0.0953931	 2.55028e-11	 0.000906882
 0.00584999	-0.0683829	 7.20704e-11	 0.000932786
 0.00587499	-0.0398242	 2.16168e-10	 0.000960572
 0.00589999	-0.0106185	 6.6471e-10	 0.00098941
 0.00592499	 0.0183283	 2.02371e-09	 0.00101841
 0.00594999	 0.0461353	 5.89695e-09	 0.00104667
 0.00597499	 0.0719741	 1.59305e-08	 0.00107327
 0.00599999	 0.0950941	 3.8763e-08	 0.00109735
 0.00602499	 0.114845	 8.28579e-08	 0.00111814
 0.00604999	 0.130697	 1.52445e-07	 0.00113497
 0.00607499	 0.142252	 2.37755e-07	 0.00114731
 0.00609999	 0.149259	 3.11288e-07	 0.00115483
 0.00612499	 0.151612	 3.40783e-07	 0.00115736
 0.00614999	 0.149359	 3.1249e-07	 0.00115494
 0.00617499	 0.142688	 2.41775e-07	 0.00114778
 0.00619999	 0.131925	 1.59819e-07	 0.00113628
 0.00622499	 0.117516	 9.18212e-08	 0.00112097
 0.00624999	 0.100011	 4.68317e-08	 0.00110251
 0.00627499	 0.0800425	 2.17271e-08	 0.00108164
 0.00629999	 0.0583059	 9.41716e-09	 0.00105916
 0.00632499	 0.0355311	 3.92192e-09	 0.00103585
 0.00634999	 0.0124601	 1.61484e-09	 0.0010125
 0.00637499	-0.0101783	 6.76061e-10	 0.000989848
 0.00639999	-0.0316922	 2.95546e-10	 0.000968559
 0.00642499	-0.0514484	 1.38237e-10	 0.000949213
 0.00644999	-0.0688916	 7.06741e-11	 0.000932295
 0.00647499	-0.0835603	 4.02012e-11	 0.000918185
 0.00649999	-0.0950999	 2.57921e-11	 0.000907161
 0.00652499	-0.10327	 1.88369e-11	 0.000899396
 0.00654999	-0.107951	 1.57333e-11	 0.000894962
 0.00657499	-0.109142	 1.50292e-11	 0.000893836
 0.00659999	-0.106956	 1.63472e-11	 0.000895904
 0.00662499	-0.101616	 2.00741e-11	 0.000900965
 0.00664999	-0.0934407	 2.74916e-11	 0.000908742
 0.00667499	-0.0828287	 4.13486e-11	 0.000918887
 0.00669999	-0.0702448	 6.70898e-11	 0.000930989
 0.00672499	-0.0561998	 1.15149e-10	 0.00094459
 0.00674999	-0.0412308	 2.04784e-10	 0.000959194
 0.00677499	-0.0258814	 3.69561e-10	 0.000974286
 0.00679999	-0.0106821	 6.63087e-10	 0.000989346
 0.00682499	 0.00386827	 1.16042e-09	 0.00100387
 0.00684999	 0.0173191	 1.94667e-09	 0.00101739
 0.00687499	 0.0292824	 3.08406e-09	 0.0010295
 0.00689999	 0.0394444	 4.55896e-09	 0.00103983
 0.00692499	 0.0475742	 6.23248e-09	 0.00104814
 0.00694999	 0.053528	 7.83633e-09	 0.00105424
 0.00697499	 0.0572518	 9.043e-09	 0.00105807
 0.00699999	 0.0587782	 9.58981e-09	 0.00105964
 0.00702499	 0.0582224	 9.38696e-09	 0.00105907
 0.00704999	 0.0557728	 8.54297e-09	 0.00105655
 0.00707499	 0.0516812	 7.29901e-09	 0.00105235
 0.00709999	 0.0462491	 5.92281e-09	 0.00104678
 0.00712499	 0.0398134	 4.62412e-09	 0.00104021
 0.00714999	 0.0327311	 3.5215e-09	 0.001033
 0.00717499	 0.0253631	 2.6525e-09	 0.00102552
 0.00719999	 0.018059	 2.00286e-09	 0.00101814
 0.00722499	 0.0111425	 1.53504e-09	 0.00101117
 0.00724999	 0.00489821	 1.20731e-09	 0.0010049
 0.00727499	-0.000439428	 9.83241e-10	 0.000999561
 0.00729999	-0.00469457	 8.34802e-10	 0.000995311
 0.00732499	-0.00775602	 7.42072e-10	 0.000992259
 0.00734999	-0.00958019	 6.91793e-10	 0.000990443
 0.00737499	-0.010191	 6.7573e-10	 0.000989835
 0.00739999	-0.00967689	 6.89225e-10	 0.000990347
 0.00742499	-0.00818494	 7.29931e-10	 0.000991832
 0.00744999	-0.00591252	 7.96598e-10	 0.000994096
 0.00747499	-0.00309674	 8.87714e-10	 0.000996906
 0.00749999	-2.16303e-06	 9.99917e-10	 0.000999998
 0.00752499	 0.00309261	 1.12631e-09	 0.00100309
 0.00754999	 0.00590896	 1.25517e-09	 0.00100592
 0.00757499	 0.00818229	 1.36985e-09	 0.0010082
 0.00759999	 0.00967546	 1.45083e-09	 0.0010097
 0.00762499	 0.010191	 1.47988e-09	 0.00101022
 0.00764999	 0.00958186	 1.44561e-09	 0.0010096
 0.00767499	 0.00775939	 1.34775e-09	 0.00100777
 0.00769999	 0.00469962	 1.19812e-09	 0.00100471
 0.00772499	 0.000446065	 1.0173e-09	 0.00100045
 0.00774999	-0.00489019	 8.28545e-10	 0.000995116
 0.00777499	-0.0111334	 6.51676e-10	 0.000988898
 0.00779999	-0.0180492	 4.99474e-10	 0.000982032
 0.00782499	-0.0253531	 3.77148e-10	 0.000974808
 0.00784999	-0.0327213	 2.84076e-10	 0.000967546
 0.00787499	-0.0398044	 2.16333e-10	 0.000960592
 0.00789999	-0.0462413	 1.68889e-10	 0.000954293
 0.00792499	-0.051675	 1.37037e-10	 0.000948993
 0.00794999	-0.0557686	 1.17074e-10	 0.000945009
 0.00797499	-0.0582204	 1.06539e-10	 0.000942627
 0.00799999	-0.0587788	 1.04275e-10	 0.000942085
 0.00802499	-0.0572549	 1.10569e-10	 0.000943565
 0.00804999	-0.0535338	 1.27582e-10	 0.000947183
 0.00807499	-0.0475824	 1.60399e-10	 0.000952984
 0.00809999	-0.039455	 2.19259e-10	 0.000960934
 0.00812499	-0.029295	 3.24091e-10	 0.00097092
 0.00814999	-0.0173333	 5.13417e-10	 0.000982742
 0.00817499	-0.00388372	 8.61247e-10	 0.00099612
 0.0082	 0.010666	 1.50716e-09	 0.00101069
 0.008225	 0.0258651	 2.70422e-09	 0.00102603
 0.00825	 0.0412149	 4.88022e-09	 0.00104164
 0.008275	 0.0561849	 8.67944e-09	 0.00105697
 0.0083	 0.0702313	 1.48977e-08	 0.00107146
 0.008325	 0.0828171	 2.41739e-08	 0.00108453
 0.00835	 0.0934316	 3.63619e-08	 0.00109561
 0.008375	 0.10161	 4.98031e-08	 0.00110419
 0.0084	 0.106953	 6.11642e-08	 0.00110981
 0.008425	 0.109141	 6.65359e-08	 0.00111212
 0.00845	 0.107954	 6.35657e-08	 0.00111087
 0.008475	 0.103276	 5.30987e-08	 0.00110594
 0.0085	 0.0951083	 3.87842e-08	 0.00109737
 0.008525	 0.0835713	 2.48854e-08	 0.00108532
 0.00855	 0.0689048	 1.41566e-08	 0.00107009
 0.008575	 0.0514634	 7.23812e-09	 0.00105213
 0.0086	 0.0317084	 3.38568e-09	 0.00103196
 0.008625	 0.0101952	 1.48012e-09	 0.00101022
 0.00865	-0.012443	 6.19664e-10	 0.000987596
 0.008675	-0.0355144	 2.55141e-10	 0.000964801
 0.0087	-0.0582901	 1.06254e-10	 0.000942559
 0.008725	-0.0800281	 4.60511e-11	 0.000921573
 0.00875	-0.099998	 2.13634e-11	 0.000902502
 0.00877501	-0.117505	 1.08951e-11	 0.000885946
 0.00880001	-0.131917	 6.25899e-12	 0.000872433
 0.00882501	-0.142683	 4.13693e-12	 0.000862407
 0.00885001	-0.149356	 3.20043e-12	 0.000856221
 0.00887501	-0.151612	 2.93442e-12	 0.000854134
 0.00890001	-0.149261	 3.21214e-12	 0.000856308
 0.00892501	-0.142257	 4.20519e-12	 0.000862802
 0.00895001	-0.130704	 6.55793e-12	 0.000873567
 0.00897501	-0.114854	 1.20647e-11	 0.000888444
 0.00900001	-0.0951045	 2.57875e-11	 0.000907157
 0.00902501	-0.0719855	 6.27451e-11	 0.00092931
 0.00905001	-0.0461473	 1.69501e-10	 0.000954385
 0.00907501	-0.0183405	 4.9391e-10	 0.000981744
 0.00910001	 0.0106066	 1.50373e-09	 0.00101063
 0.00912501	 0.0398129	 4.62402e-09	 0.00104021
 0.00915001	 0.0683726	 1.38698e-08	 0.00106954
 0.00917501	 0.095384	 3.91976e-08	 0.00109766
 0.00920001	 0.119979	 1.00944e-07	 0.00112358
 0.00922501	 0.141351	 2.29651e-07	 0.00114635
 0.00925001	 0.158782	 4.48986e-07	 0.00116508
 0.00927501	 0.171668	 7.37023e-07	 0.00117904
 0.00930001	 0.17954	 9.97622e-07	 0.0011876
 0.00932501	 0.182078	 1.09994e-06	 0.00119037
 0.00935001	 0.179129	 9.8198e-07	 0.00118715
 0.00937502	 0.170707	 7.10288e-07	 0.00117799
 0.00940002	 0.157002	 4.19283e-07	 0.00116316
 0.00942502	 0.13837	 2.04776e-07	 0.00114316
 0.00945002	 0.115326	 8.44038e-08	 0.00111865
 0.00947502	 0.0885301	 3.01144e-08	 0.00109049
 0.00950002	 0.0587669	 9.58564e-09	 0.00105963
 0.00952502	 0.0269218	 2.81638e-09	 0.0010271
 0.00955002	-0.00604621	 7.92513e-10	 0.000993963
 0.00957502	-0.0391339	 2.21984e-10	 0.000961249
 0.00960002	-0.0713256	 6.4358e-11	 0.000929946
 0.00962502	-0.101626	 2.0067e-11	 0.000900956
 0.00965002	-0.129089	 6.97816e-12	 0.000875077
 0.00967502	-0.152854	 2.79762e-12	 0.000852987
 0.00970002	-0.172165	 1.3311e-12	 0.000835245
 0.00972502	-0.186405	 7.69752e-13	 0.000822281
 0.00975002	-0.195109	 5.50775e-13	 0.000814408
 0.00977502	-0.19798	 4.93186e-13	 0.000811819
 0.00980002	-0.194905	 5.55111e-13	 0.000814592
 0.00982502	-0.185952	 7.83294e-13	 0.000822692
 0.00985002	-0.171374	 1.37224e-12	 0.000835968
 0.00987502	-0.151599	 2.93596e-12	 0.000854147
 0.00990002	-0.127217	 7.49932e-12	 0.000876829
 0.00992502	-0.0989623	 2.22315e-11	 0.000903486
 0.00995003	-0.0676926	 7.40095e-11	 0.000933453
 0.00997503	-0.0343584	 2.66741e-10	 0.000965937
 0.01 	 2.40615e-05	 1.00093e-09	 0.00100002
 0.010025	 0.0344058	 3.7558e-09	 0.0010347
 0.01005	 0.0677378	 1.35353e-08	 0.00106888
 0.010075	 0.099004	 4.50533e-08	 0.00110145
 0.0101	 0.127253	 1.33534e-07	 0.0011313
 0.010125	 0.15163	 3.41009e-07	 0.00115738
 0.01015	 0.171398	 7.29409e-07	 0.00117874
 0.010175	 0.185969	 1.27747e-06	 0.00119461
 0.0102	 0.194913	 1.80202e-06	 0.00120441
 0.010225	 0.19798	 2.02764e-06	 0.00120778
 0.01025	 0.195101	 1.81506e-06	 0.00120462
 0.010275	 0.186389	 1.29832e-06	 0.00119507
 0.0103	 0.172142	 7.50579e-07	 0.00117955
 0.010325	 0.152823	 3.57032e-07	 0.00115866
 0.01035	 0.129053	 1.43107e-07	 0.00113322
 0.010375	 0.101585	 4.97555e-08	 0.00110417
 0.0104	 0.0712819	 1.5512e-08	 0.00107255
 0.010425	 0.0390882	 4.49692e-09	 0.00103947
 0.01045	 0.00599999	 1.25957e-09	 0.00100601
 0.010475	-0.0269671	 3.54447e-10	 0.000973215
 0.0105	-0.05881	 1.0415e-10	 0.000942055
 0.010525	-0.0885697	 3.31562e-11	 0.000913391
 0.01055	-0.115361	 1.18319e-11	 0.000887966
 0.010575	-0.138399	 4.87791e-12	 0.00086639
 0.0106	-0.157025	 2.38295e-12	 0.000849139
 0.010625	-0.170723	 1.40704e-12	 0.000836564
 0.01065	-0.179137	 1.01804e-12	 0.000828886
 0.010675	-0.182079	 9.09133e-13	 0.00082621
 0.0107	-0.179532	 1.00267e-12	 0.000828526
 0.010725	-0.171654	 1.35757e-12	 0.000835713
 0.01075	-0.158761	 2.22906e-12	 0.000847541
 0.010775	-0.141323	 4.35898e-12	 0.00086367
 0.0108	-0.119947	 9.91871e-12	 0.00088365
 0.010825	-0.0953479	 2.55472e-11	 0.000906925
 0.01085	-0.0683336	 7.22071e-11	 0.000932834
 0.010875	-0.0397724	 2.16599e-10	 0.000960623
 0.0109	-0.0105659	 6.66057e-10	 0.000989462
 0.010925	 0.0183802	 2.02776e-09	 0.00101846
 0.01095	 0.0461849	 5.9082e-09	 0.00104672
 0.010975	 0.0720198	 1.59585e-08	 0.00107332
 0.011	 0.0951345	 3.88232e-08	 0.0010974
 0.011025	 0.114879	 8.29658e-08	 0.00111818
 0.01105	 0.130723	 1.52599e-07	 0.001135
 0.011075	 0.14227	 2.3792e-07	 0.00114733
 0.0111	 0.149268	 3.11397e-07	 0.00115484
 0.011125	 0.151612	 3.40783e-07	 0.00115736
 0.01115	 0.14935	 3.12382e-07	 0.00115493
 0.011175	 0.142671	 2.41611e-07	 0.00114776
 0.0112	 0.1319	 1.59662e-07	 0.00113625
 0.011225	 0.117483	 9.17054e-08	 0.00112093
 0.01125	 0.0999717	 4.67618e-08	 0.00110247
 0.011275	 0.0799989	 2.16906e-08	 0.0010816
 0.0113	 0.0582589	 9.40016e-09	 0.00105911
 0.011325	 0.0354823	 3.91456e-09	 0.0010358
 0.01135	 0.012411	 1.61179e-09	 0.00101245
 0.011375	-0.0102261	 6.74819e-10	 0.0009898
 0.0114	-0.0317373	 2.95034e-10	 0.000968515
 0.011425	-0.0514894	 1.38019e-10	 0.000949173
 0.0114501	-0.0689272	 7.05772e-11	 0.000932261
 0.0114751	-0.0835897	 4.01559e-11	 0.000918157
 0.0115001	-0.0951221	 2.57701e-11	 0.00090714
 0.0115251	-0.103285	 1.88264e-11	 0.000899382
 0.0115501	-0.107958	 1.57293e-11	 0.000894956
 0.0115751	-0.109141	 1.50299e-11	 0.000893837
 0.0116001	-0.106947	 1.63528e-11	 0.000895912
 0.0116251	-0.1016	 2.00864e-11	 0.00090098
 0.0116501	-0.0934184	 2.75153e-11	 0.000908763
 0.0116751	-0.0828009	 4.13928e-11	 0.000918913
 0.0117001	-0.0702127	 6.71728e-11	 0.00093102
 0.0117251	-0.0561645	 1.15305e-10	 0.000944624
 0.0117501	-0.0411937	 2.05076e-10	 0.000959231
 0.0117751	-0.0258437	 3.70097e-10	 0.000974323
 0.0118001	-0.0106451	 6.6403e-10	 0.000989383
 0.0118251	 0.00390331	 1.16198e-09	 0.00100391
 0.0118501	 0.0173511	 1.94907e-09	 0.00101743
 0.0118751	 0.0293104	 3.08739e-09	 0.00102953
 0.0119001	 0.0394678	 4.56305e-09	 0.00103986
 0.0119251	 0.0475922	 6.23682e-09	 0.00104816
 0.0119501	 0.0535405	 7.8401e-09	 0.00105426
 0.0119751	 0.0572586	 9.04536e-09	 0.00105808
 0.0120001	 0.0587794	 9.59025e-09	 0.00105964
 0.0120251	 0.0582183	 9.38549e-09	 0.00105907
 0.0120501	 0.055764	 8.54007e-09	 0.00105654
 0.0120751	 0.0516683	 7.29539e-09	 0.00105234
 0.0121001	 0.0462329	 5.91913e-09	 0.00104677
 0.0121251	 0.0397949	 4.62083e-09	 0.00104019
 0.0121501	 0.0327112	 3.51881e-09	 0.00103298
 0.0121751	 0.0253428	 2.65043e-09	 0.0010255
 0.0122001	 0.0180392	 2.00134e-09	 0.00101812
 0.0122251	 0.0111241	 1.53395e-09	 0.00101115
 0.0122501	 0.00488186	 1.20655e-09	 0.00100489
 0.0122751	-0.000453043	 9.82726e-10	 0.000999547
 0.0123001	-0.004705	 8.34467e-10	 0.0009953
 0.0123251	-0.00776302	 7.41873e-10	 0.000992252
 0.0123501	-0.00958367	 6.917e-10	 0.000990439
 0.0123751	-0.0101911	 6.75728e-10	 0.000989835
 0.0124001	-0.00967387	 6.89305e-10	 0.00099035
 0.0124251	-0.0081793	 7.30089e-10	 0.000991837
 0.0124501	-0.00590488	 7.96833e-10	 0.000994104
 0.0124751	-0.00308782	 8.88019e-10	 0.000996915
 0.0125001	 7.24005e-06	 1.00028e-09	 0.00100001
 0.0125251	 0.00310165	 1.1267e-09	 0.0010031
 0.0125501	 0.0059168	 1.25554e-09	 0.00100593
 0.0125751	 0.00818814	 1.37016e-09	 0.0010082
 0.0126001	 0.00967863	 1.451e-09	 0.0010097
 0.0126251	 0.010191	 1.47988e-09	 0.00101022
 0.0126501	 0.0095781	 1.4454e-09	 0.0010096
 0.0126751	 0.00775175	 1.34736e-09	 0.00100777
 0.0127001	 0.00468809	 1.19759e-09	 0.00100469
 0.0127251	 0.000430828	 1.01671e-09	 0.00100043
 0.0127501	-0.00490871	 8.27955e-10	 0.000995097
 0.0127751	-0.0111546	 6.51145e-10	 0.000988876
 0.0128001	-0.0180722	 4.99032e-10	 0.000982009
 0.0128251	-0.0253768	 3.76803e-10	 0.000974784
 0.0128501	-0.0327448	 2.8382e-10	 0.000967523
 0.0128751	-0.0398263	 2.1615e-10	 0.00096057
 0.0129001	-0.0462606	 1.68764e-10	 0.000954274
 0.0129251	-0.0516905	 1.36956e-10	 0.000948977
 0.0129501	-0.0557793	 1.17026e-10	 0.000944999
 0.0129751	-0.0582254	 1.06518e-10	 0.000942622
 0.0130001	-0.0587773	 1.04281e-10	 0.000942086
 0.0130251	-0.0572465	 1.10605e-10	 0.000943573
 0.0130501	-0.0535182	 1.27659e-10	 0.000947198
 0.0130751	-0.0475597	 1.60539e-10	 0.000953006
 0.0131001	-0.0394255	 2.19508e-10	 0.000960963
 0.0131251	-0.0292593	 3.24537e-10	 0.000970955
 0.0131501	-0.0172923	 5.14229e-10	 0.000982782
 0.0131751	-0.00383846	 8.62748e-10	 0.000996165
 0.0132001	 0.0107141	 1.50995e-09	 0.00101074
 0.0132251	 0.0259145	 2.70936e-09	 0.00102608
 0.0132501	 0.041264	 4.88943e-09	 0.00104169
 0.0132751	 0.0562318	 8.69512e-09	 0.00105702
 0.0133001	 0.0702744	 1.49224e-08	 0.00107151
 0.0133251	 0.0828547	 2.42089e-08	 0.00108457
 0.0133501	 0.093462	 3.64045e-08	 0.00109565
 0.0133751	 0.101632	 4.98451e-08	 0.00110421
 0.0134001	 0.106965	 6.1193e-08	 0.00110983
 0.0134251	 0.109143	 6.65402e-08	 0.00111212
 0.0134501	 0.107944	 6.35426e-08	 0.00111086
 0.0134751	 0.103255	 5.30564e-08	 0.00110592
 0.0135001	 0.0950765	 3.87367e-08	 0.00109734
 0.0135251	 0.083529	 2.4845e-08	 0.00108527
 0.0135501	 0.0688529	 1.41284e-08	 0.00107004
 0.0135751	 0.0514033	 7.2214e-09	 0.00105206
 0.0136001	 0.0316417	 3.377e-09	 0.00103189
 0.0136251	 0.0101238	 1.47606e-09	 0.00101015
 0.0136501	-0.0125169	 6.17905e-10	 0.000987522
 0.0136751	-0.0355885	 2.54415e-10	 0.000964728
 0.0137001	-0.058362	 1.0596e-10	 0.000942489
 0.0137251	-0.0800956	 4.59318e-11	 0.000921508
 0.0137501	-0.100059	 2.13137e-11	 0.000902444
 0.0137751	-0.117557	 1.08735e-11	 0.000885898
 0.0138001	-0.131958	 6.24919e-12	 0.000872395
 0.0138251	-0.142711	 4.13244e-12	 0.000862381
 0.0138501	-0.149371	 3.19865e-12	 0.000856207
 0.0138751	-0.151612	 2.93443e-12	 0.000854134
 0.0139001	-0.149246	 3.214e-12	 0.000856322
 0.0139251	-0.142227	 4.21004e-12	 0.00086283
 0.0139501	-0.13066	 6.56911e-12	 0.000873608
 0.0139751	-0.114797	 1.20914e-11	 0.000888498
 0.0140001	-0.0950352	 2.58563e-11	 0.000907223
 0.0140251	-0.0719064	 6.29364e-11	 0.000929386
 0.0140501	-0.0460606	 1.70067e-10	 0.00095447
 0.0140751	-0.0182487	 4.95656e-10	 0.000981834
 0.0141001	 0.0107006	 1.50917e-09	 0.00101073
 0.0141251	 0.0399062	 4.64065e-09	 0.0010403
 0.0141501	 0.0684624	 1.39178e-08	 0.00106963
 0.0141751	 0.0954674	 3.93236e-08	 0.00109775
 0.0142001	 0.120053	 1.01233e-07	 0.00112366
 0.0142251	 0.141413	 2.30206e-07	 0.00114641
 0.0142501	 0.158831	 4.49833e-07	 0.00116514
 0.0142751	 0.171702	 7.37975e-07	 0.00117907
 0.0143001	 0.179557	 9.98268e-07	 0.00118762
 0.0143251	 0.182078	 1.09991e-06	 0.00119037
 0.0143501	 0.17911	 9.81286e-07	 0.00118713
 0.0143751	 0.170672	 7.09311e-07	 0.00117795
 0.0144001	 0.15695	 4.18441e-07	 0.00116311
 0.0144251	 0.138303	 2.04246e-07	 0.00114308
 0.0144501	 0.115245	 8.41427e-08	 0.00111857
 0.0144751	 0.0884387	 3.00087e-08	 0.00109039
 0.0145001	 0.0586673	 9.549e-09	 0.00105953
 0.0145251	 0.026817	 2.80505e-09	 0.001027
 0.0145501	-0.006153	 7.89265e-10	 0.000993856
 0.0145751	-0.0392394	 2.21085e-10	 0.000961146
 0.0146001	-0.0714267	 6.41085e-11	 0.000929849
 0.0146251	-0.101719	 1.99951e-11	 0.000900868
 0.0146501	-0.129172	 6.95597e-12	 0.000874999
 0.0146751	-0.152923	 2.79014e-12	 0.000852923
 0.0147001	-0.17222	 1.32833e-12	 0.000835195
 0.0147251	-0.186443	 7.68655e-13	 0.000822248
 0.0147501	-0.195127	 5.50379e-13	 0.000814391
 0.0147751	-0.19798	 4.93192e-13	 0.000811819
 0.0148001	-0.194885	 5.55527e-13	 0.00081461
 0.0148251	-0.185914	 7.84441e-13	 0.000822727
 0.0148501	-0.171319	 1.37518e-12	 0.000836019
 0.0148751	-0.151527	 2.94404e-12	 0.000854213
 0.0149001	-0.127131	 7.52391e-12	 0.000876909
 0.0149251	-0.0988661	 2.2314e-11	 0.000903577
 0.0149501	-0.0675882	 7.43074e-11	 0.000933554
 0.0149751	-0.034249	 2.67866e-10	 0.000966044
